-7.863746098541709584e-01
-3.816718707758460782e-01
1.195783408578508178e+00
9.636892812442685585e-01
6.397853429880230314e-01
5.850945774607861916e-01
1.451339034535460426e+00
-4.507872624806778528e-01
8.270705875605411928e-01
-1.758558944860630247e+00
9.847513006302828498e-02
4.716070505409868385e-01
2.353864729951848367e-01
3.574895459233944084e-02
6.883704338345708607e-01
1.610537773908361503e-01
1.888610871323050278e+00
-5.813363610707834583e-01
8.176262033685275377e-01
-4.950466423824941287e-01
3.879215479474188433e-01
1.774174168167562127e-01
-4.684753771837850134e-01
1.197914258408669275e+00
-1.495156875082041870e+00
1.285518464739513034e+00
7.736294980838452906e-01
-3.852135434819448090e-01
1.248558042659366318e+00
2.597143105702799382e-01
-2.669154489411560971e-01
2.023916312492619607e+00
-9.047344234068306346e-01
-6.236953752317272448e-01
-5.795555434647168408e-02
-1.980116537702274249e+00
8.421565478794775794e-01
-1.113036933992767707e+00
-8.704197509136122335e-01
-7.831549340767146594e-02
-4.939554280768970185e-01
1.478168676149391514e+00
-1.947929482399557211e+00
-7.656329694908319272e-01
-2.811990917159308712e+00
-7.770888250967279420e-01
-3.210681128475056489e+00
-1.676320642199545796e+00
-1.058228850130649157e+00
-9.352909918168831327e-01
1.677280667717946372e-01
-5.096596435127995761e-01
1.102524470853470051e+00
-1.247739071794754073e+00
-1.239925013862226644e+00
-7.878492801347207752e-01
-1.260176490518856163e+00
1.181259497144461434e+00
-8.393982609119725602e-01
-1.224905002790732944e-01
-1.485756897578988545e+00
-1.100399165700501752e-01
2.591167910289154941e-01
4.487866645383132846e-01
-8.139745812569025851e-01
6.347929178222474489e-01
2.321980947172700704e-01
7.703149169437566446e-01
1.006964451910118852e+00
-8.323175646303726527e-02
2.752727104459097296e-01
8.130837509024430032e-01
2.164958353602588481e+00
-1.534700272919504282e+00
1.267209941588016697e+00
-5.702259585418376631e-01
5.960476578326361352e-01
-4.930755931432788119e-01
1.129605126160472928e+00
9.375734541902653874e-01
1.045827255595363603e+00
3.653682383732315131e-01
-1.152980892805627100e+00
-7.054582597010216061e-01
-1.774407396083532484e+00
-3.854304963195138156e-01
1.300136317782483397e+00
-4.743082499029970811e-01
-4.922020044528530036e-01
-1.060867537395901117e+00
8.793974602935594742e-01
2.141148327921031935e-01
-8.419587094301718144e-01
-2.748570801144312181e-01
-2.908852483227033700e-02
-4.794301144395651804e-01
1.343297405038322845e+00
5.737202886791508138e-01
1.138259415890875426e+00
1.913646650199766208e-01
-4.230542176193918258e-01
1.013427088514008007e-01
-6.686852890649422898e-01
-7.354614104111504291e-01
8.205773110747668353e-01
7.466090112475171070e-01
2.884553769855529026e-01
8.823221295229587147e-02
8.994850576764030770e-01
-5.531001030755801073e-01
9.234676278250876225e-01
-1.014382862826973319e+00
2.464980200951614464e-01
-1.683977751059296257e-01
1.133168767155540380e+00
7.246606961380464007e-01
-1.584294232870989250e+00
1.524358392767722448e+00
7.638403217817280044e-01
-2.733065227041139855e-01
-1.005456206795004137e+00
1.135920829536402943e+00
9.868806243925190014e-01
-3.131283558049500204e-01
1.664702775809807411e+00
-3.802763042690551765e-01
-1.553026239915532791e+00
3.087366403283852700e-01
7.575396981246483863e-01
1.037958603456268225e+00
1.305745553001444181e-01
1.193125330141898699e+00
7.608274507779553275e-01
8.751182182390859765e-01
-4.794974258548758139e-01
-5.957350675722362654e-01
5.022355144471057908e-02
-1.076600384913991348e+00
7.593838729348154071e-02
-2.544794455996851390e+00
5.937731333509776999e-02
-2.458595909216182429e-01
-1.291150704276470274e-01
-2.538085638402790001e-02
-5.838503590640864438e-01
3.640096970967995893e-02
-3.135778321991440909e-01
-1.225524179795474344e+00
-5.430255446540345199e-01
-2.514818480413959723e+00
-1.817947093384911783e+00
5.554689555078834440e-01
-5.755345141061385394e-01
-1.046383542885704010e+00
2.186482827113937766e-01
-1.208411029570837680e+00
3.921943105632874071e-01
-5.906321384530122121e-01
1.101589942066280248e+00
9.608122569040707939e-01
