-7.573839158338533384e-01
1.113817014659610916e+00
5.705581501450270876e-01
-1.428458941121647785e-01
4.501636388803705313e-01
-1.506502802901999560e+00
1.768662512025759997e-02
6.341704745541437704e-01
-2.530534015640922840e-01
-4.665422161876284779e-01
1.031930804020763315e+00
-6.522546979621229868e-01
8.209608242116626931e-02
-1.136496381630720753e+00
-6.116256266641172390e-01
-1.684777316347603859e+00
1.148940607751517406e-01
1.136333486690373817e+00
1.291821152268587680e-01
-1.143921315266762884e+00
-6.795529128902405569e-01
3.534187338079095714e-02
-9.587345304733820850e-01
3.126204738668933447e-02
4.065326472003696345e-01
9.902595240656492104e-01
-8.306101604051964460e-03
-1.492448493069440385e+00
-5.639189019027514016e-01
9.079579316357782037e-01
8.175504751458613217e-01
-6.087644863199289658e-01
2.642064950009386792e-01
2.741191908787974918e-01
-6.264859996454246183e-01
-2.774196018341902881e-01
1.573976758156771627e+00
7.693427066488517374e-01
-1.709728356562563611e+00
6.525344378224126052e-01
-8.289024965732858519e-01
2.873736344212413640e-01
8.057664712787114825e-01
-5.913965448560882798e-01
-6.079521523859165999e-01
9.759173893125496768e-01
-7.931763573355385954e-01
-3.563225615926389200e-01
8.352591261858001159e-01
-2.811480190933631218e-01
-2.395397007830421532e-01
1.732980154324206934e+00
3.123335496820904278e-01
-5.574131466524085560e-02
1.165709707150681534e-01
-8.497594493721617459e-01
-1.102508631974241426e+00
-2.361238825147136400e-01
1.663560602069729111e-01
-6.150093354339103424e-01
-9.294356587149070759e-01
5.075146872167857204e-02
-1.146442434275472544e-01
3.561928261038209420e-02
5.971725633973665008e-03
3.833241220804698979e-01
-1.742978174457783247e+00
-4.402698033615556894e-01
-3.260822060200980199e-01
1.942865615017112975e-03
-1.664076709557413269e-01
1.673080474445081567e+00
-4.758699958438648014e-01
2.169101650285355787e-01
-1.496308300989996065e-01
8.814606512315485976e-01
-7.833225469220733705e-01
-5.773484314705716880e-01
7.158264801655329634e-01
-1.318531121192876743e+00
-3.407722110403228477e-01
4.615382759149685987e-01
1.067821948893899586e+00
-7.385779032289629953e-01
-3.127518861256468052e-01
6.290275254553123752e-01
-1.851478215503831459e-01
1.494412276367262482e+00
1.688972523887857680e+00
-6.957636332617378461e-01
-2.740188068961817880e+00
-1.411666525451887200e+00
-9.491624577891039083e-01
6.881870529817670779e-01
2.484840854183366365e-01
7.374494059688793679e-02
-5.809610687005992702e-01
-3.791670600368899913e-01
1.474724005654552750e+00
-7.549077083095256935e-02
-9.631637763239431216e-01
-1.980029123913553013e+00
3.197473915499020047e-01
-2.679342583055057125e-01
1.963799247183679597e+00
-3.155060637362744891e-01
-1.837077508155521066e+00
-8.321293188924139272e-01
9.920041961223845517e-01
1.111412566676465596e+00
3.568135810639569416e-01
7.422984918399714305e-01
-1.048169856965714963e+00
1.317850099887887483e+00
2.643591575551894612e-01
6.749206350951658662e-01
-5.914298184472164266e-01
-5.805600293118547972e-01
-7.822082012435574994e-01
-9.120551983787863470e-01
-3.521491006338253738e-01
-5.895127073531816198e-01
1.486313034992463145e+00
-2.501143332772628014e+00
-8.185324458019722638e-01
-4.971613603999390230e-01
1.022827002718621259e+00
8.061580127381117178e-01
2.180500511694692667e-02
5.036730097053575550e-01
-1.180425223070933782e+00
2.383431053107647191e-01
7.305481473989826613e-01
-6.201829207228380936e-01
-7.866700618536086598e-01
6.384851375812179430e-01
1.091623622432966005e-02
-2.741863246590674486e+00
1.147640221552712392e+00
6.818534204330668758e-02
-9.861858868077477691e-01
4.837120522300439873e-01
-5.345607585512677229e-01
-1.918387354294862068e-02
4.428774374971590766e-01
5.445609852993381628e-01
4.335516517729038899e-01
6.435253334186870067e-01
-7.688646197185521336e-01
1.013643179850582055e+00
5.952170404185329611e-01
5.365362489315912420e-01
-2.514399317990423932e-01
9.237476368916530678e-01
-5.259964232320097910e-01
-3.768411560621601764e-01
2.641313930342021332e-01
6.424256942098131862e-02
3.462870592783901524e-01
-9.737531911377034222e-01
-4.030238655237276535e-01
5.489612462254855885e-01
-1.796153147960474761e-02
1.126833373520999881e+00
-2.678220028476279158e-01
-8.974230592363698911e-01
-1.632076056612044024e-01
1.396523226407387464e+00
-3.762581363479284846e-01
-1.066294867533408741e+00
1.869425667352484777e-01
2.335379153848440303e-01
8.348190633281099560e-02
-9.842215520301684784e-01
-9.565979443569827545e-02
7.593977332886380216e-01
-9.731428752176402019e-01
-6.842918882149325865e-01
-3.143774835098678277e-01
-1.358001733150246526e+00
-3.919681054460635306e-01
5.725393862463424854e-01
-8.488591659453137428e-02
-1.080531120708426440e-02
-8.555153825216399444e-01
4.345484697608469060e-02
2.716469935273136738e+00
1.645337214460651509e+00
-2.697252521423853522e-01
-3.620369634293901101e-02
6.959703671000240233e-01
5.419168338010311725e-01
-2.069649990683941621e-01
2.573791415436367247e-01
-1.038189661379477435e+00
-3.458293366475555519e-01
3.839791923220577941e-01
-1.906427396773571932e-03
7.153210868796379129e-01
3.884717169301410422e-01
2.001564429945570378e+00
-1.120918415762458764e+00
1.089019502416545548e-01
-1.201628703505273510e+00
-4.583457187275114531e-01
7.305082622008532978e-01
-1.174394141376748246e+00
4.687856061798123530e-01
5.954811014466716568e-01
-2.190939121394084310e+00
-3.354287727006090569e-01
1.838137012815561355e-01
-9.377690191996898572e-02
-7.923548072597930148e-01
1.697499486497217880e-01
8.791034412949513266e-01
-5.361885783503743674e-01
-1.326327968933241341e-01
3.919390578219217325e-01
3.385300992674435128e-02
1.082721031657021271e+00
5.347689303734656230e-01
-1.932118198296134848e+00
-1.260347774695916856e-01
-1.625574235815940405e+00
1.317748297320139539e+00
1.247904667301351633e+00
3.315234373927390399e-01
-2.434872159718197981e-01
-2.283782013702714053e+00
1.244664774242916216e+00
-5.440442529447602205e-01
-1.840198409432735049e+00
1.385840824148883321e+00
2.323874227604967868e-01
-8.904777435977987432e-01
-6.790784753557126407e-01
1.752069548403946131e+00
9.081388329526656200e-01
2.165084113765320062e+00
-3.640532181989958871e-01
1.175996442050658564e+00
-5.035197441400197926e-02
-1.841305058997402544e-01
-2.336901199794678974e-02
4.657087705390766108e-01
1.404495583758279320e+00
1.413628563356043477e+00
-6.570382149565464625e-01
5.531264115757663635e-01
-2.639079261416354960e-01
-4.634393162946529587e-01
-6.416717103634688169e-01
-1.370656729510828731e+00
-2.529239154374956500e-01
1.651982439249272128e-01
