4.633744921966290176e-01
5.871927488289425678e-01
-3.813664126881721739e-01
-1.429322335165376989e+00
-1.468765818742286122e-01
-2.598539280943763449e-02
-1.464974113422639335e-01
1.434143009605926278e-01
-8.243966195088956450e-01
-7.039833947581434215e-01
5.717309940272028435e-01
2.060028434277506315e-01
-6.727861710887920177e-01
2.173063400235496767e-01
-1.072555910845646165e+00
7.912011680372381672e-01
-5.931411472321026501e-01
-5.833798091777114836e-01
1.510032771630062554e+00
1.138254852402590833e+00
4.941357223460762227e-01
3.590578500816477558e-01
1.130252645604961748e+00
6.127810097058226102e-01
-7.490342675836501041e-01
3.083334960324711216e-01
6.604741293963652948e-01
-5.463586899844112554e-02
3.970595586827173062e-01
6.628552637902873634e-01
-4.113738409997521051e-01
2.542406408612755686e-01
4.223750265393680370e-01
5.849542737551184368e-01
6.109096914565108616e-01
5.017118834596896448e-01
4.302898923311289092e-01
-1.384901768842110359e+00
-5.178101135415112966e-01
-9.240260377827612670e-01
-3.073507561200126137e-01
-1.152528883742666377e+00
5.429230294106447419e-01
-3.670353196128164353e-01
8.292517786178347228e-01
1.256480342413717866e+00
6.441855076524549695e-01
-5.385911201095610057e-01
-8.249279894898337018e-01
-2.867446924876306258e-01
-5.537370595636996740e-01
8.003641756862582834e-01
-9.504628942215687104e-01
-1.373060305585785734e+00
2.791382010389343304e-01
1.274712229971462829e+00
1.213896426281529523e-01
-4.866106328808313952e-01
3.230405917922306580e-01
8.581495787786912466e-01
1.435938725524923687e-01
-6.310822773372806171e-01
6.844738668634515744e-01
-4.467061249798176537e-01
3.337908311831759844e-01
-4.315009274546875440e-01
-7.865673010454109493e-01
-1.913511533648665219e-01
-1.144887082402109291e-01
1.320045104715731110e+00
-7.162013296369729165e-01
1.928728914698283337e+00
4.705452446344431383e-01
2.139759672197088791e-01
-1.083509509879863497e+00
4.289215482754259456e-01
-7.412315515063273574e-01
2.895687867654277436e-01
3.637162444231262781e-01
-4.887861051952517299e-01
-7.812047997626844209e-01
-5.139870981436811537e-01
-2.224388081319264854e-01
-7.395656792686970959e-01
-1.112929379296571791e-01
9.319649525752891073e-01
-2.788831726904580227e-02
5.298833375467458806e-01
2.184825500231422080e-01
-8.939725332634071986e-01
-6.131152410519830759e-02
1.998930863787433898e+00
1.166243996253943371e-02
1.092942094539734788e+00
4.190407343463999901e-01
1.453166901716242077e+00
-1.426935599869591620e+00
-1.682567599766235933e-01
1.426428462250151741e+00
5.150197346596137038e-01
-7.987464721180468352e-01
3.439170759584652681e-01
-1.474112823382292881e+00
8.017793352349165126e-01
-4.462954021989837816e-01
2.461744640079586710e-01
-1.626479071002824073e+00
-1.424537669932323114e+00
2.039140855856262480e+00
1.415567852403722293e+00
1.140796775578898803e+00
-9.788888691019294042e-01
2.531662980969382470e-01
1.555139008793702537e-01
-1.095863261020978419e-01
2.075744198783542327e+00
4.188990622149558196e-01
2.765122640902659135e-01
-2.943780025364697295e-01
-2.955277553604667151e-01
2.806075309152799568e-01
-1.142736840853455060e+00
-6.712507989693959898e-01
-9.100085874068778446e-01
-2.027344043721758915e+00
-1.219754720742905585e+00
1.093168551240733533e-01
2.588280228433841312e-01
1.186684762569394591e+00
2.606443167733049071e-01
8.622968027174712224e-01
-4.193062651682269437e-01
5.963334372999428146e-01
8.247428569029111589e-01
1.839283848188336123e-01
2.794701840158919093e-01
1.867971350165889000e+00
2.004025477367449515e+00
9.949483503723095534e-01
1.752151540409127461e+00
2.359564617986513457e-01
-3.470149738649173643e-01
-6.755238806879084734e-01
-6.424727304379053150e-01
-3.028276234740290840e-01
-3.738937713873393132e-01
-7.979604750841010619e-01
4.716276893793506786e-01
5.441569889353551348e-01
3.257141101066907685e-01
-4.789585162077522607e-01
4.477254640710929268e-01
1.277968355236841491e+00
1.061123190631025004e+00
2.074687750041634082e+00
-2.949761695249215609e-01
3.888015217084437314e-01
-1.104567482399490874e+00
-1.183337436618270289e+00
7.275580499526101974e-02
5.353611375925253490e-01
2.198674060253718920e+00
5.105027889401463764e-03
1.828741784158769867e+00
-9.817224282969204685e-01
1.936242358223180915e+00
-5.736981350032009930e-01
1.045456030481502818e+00
5.445547509720829460e-01
6.717331146618991111e-01
3.834231780601164985e-01
-7.295943897891867813e-01
1.090736171488605466e+00
8.772721661297182283e-02
-1.087587638305958504e-01
7.932581169368057017e-01
2.728814086843519005e-01
4.735647958921138101e-01
-1.235883701611937974e-01
6.339893858355470924e-01
8.965842937829340831e-02
8.396941207533866747e-01
5.047625667872149835e-01
-5.761602024345620077e-01
8.489609318691355710e-01
5.824776456851162854e-01
1.651293253685153894e+00
-1.697568998735526913e+00
3.859446056441039330e-01
-1.776187084816602368e+00
-6.518327315863532423e-01
9.842251831717880872e-01
2.548265773462181194e+00
1.235059417351274336e+00
8.792021223261259344e-01
-6.063492491460882317e-01
-1.386944831927415800e+00
-2.719009677838771233e-01
4.667353060569441325e-01
7.623249656469963664e-01
-5.804948207851232667e-01
1.526755907799494105e+00
-2.111669956835645900e-01
-1.169272479198361747e+00
-1.184821359831632837e+00
1.653550900701882487e+00
-5.344965908427732337e-01
7.347055032260285667e-01
7.420511469361967816e-02
-7.794190387244634977e-01
1.689558164928852690e-01
-1.668563533171983693e+00
6.492485174047897267e-01
-2.312565465493888084e+00
-9.815496916634133262e-01
3.077304226762528905e-01
4.542294545951147122e-01
4.726606315388970914e-01
-8.592974424777072295e-02
-2.427024200771980555e-01
-1.025612279264471960e+00
-7.753720936745891468e-01
-5.947780746010729036e-01
2.740158849060150836e-01
1.751790500755681768e+00
6.018624376275371057e-01
2.963256899887122819e-01
-2.043139325469474965e+00
-1.400197894083508587e-01
4.131421273955660500e-01
1.417497194758122969e+00
1.868763874270281122e-01
1.485236930575019487e+00
-1.435831271314717550e-01
2.581543211899735013e-01
-5.582154186302953347e-01
5.306868603328616096e-01
-1.271268097898783922e-01
-7.591775123182172014e-02
5.372045700257132017e-01
-7.478570984718123649e-01
1.177209022331559884e+00
-5.177337048186719803e-01
-2.142910518120695607e-01
2.639131923759141074e+00
5.206424389188912816e-01
-6.239925782187668579e-01
-1.457420569805321087e+00
-1.697241926695701064e+00
-5.244671349502892932e-01
-1.788651578554594668e+00
-1.015165783791518138e-02
-6.750726613108807284e-01
7.646909235271188987e-02
-1.546523835192177954e+00
2.530421585953545716e+00
