3.624541309047761839e-01
6.738680572312535366e-01
-2.456386941490013576e-01
2.304878127589222447e-01
4.043774875583056039e-01
-1.497299614754570574e-01
-6.661846836745396461e-01
-1.724547152997158772e+00
-1.216560369077784864e+00
1.149666871077722918e+00
1.862189298812707769e-02
-1.042283006818308211e+00
4.394462745462295872e-01
7.705311546687353408e-01
1.132595278495256874e+00
5.028006605343526836e-01
1.150002872226984829e+00
3.272481751782689408e+00
-9.173764260540633320e-01
2.770332096676890801e-02
-9.187697990285784710e-01
3.027124887007385245e-01
-4.933758865610782599e-03
-6.608724621014360201e-01
-9.204304907175959727e-01
-3.680800240509773946e-01
2.019809667865820058e-01
1.348178147817156169e+00
9.364898023726417886e-01
1.762888266572466334e+00
1.464408956926039063e-01
-1.321853520649391434e-01
6.871961119817717734e-01
-1.092325660146189703e+00
-1.846352317676858590e+00
-1.115560839868519061e+00
7.311853812876345504e-01
1.194372767459247031e+00
-3.406723320939018529e-01
-5.693121250943331546e-01
6.049520853087541061e-01
-1.676215279335210750e+00
-2.169200109691900913e+00
-1.708404583944681310e+00
1.441958604730368132e-01
5.582742227852837136e-01
6.943609876662922842e-01
4.963529125357285521e-01
-9.972810979855495361e-01
-3.659509752396776505e-02
5.801333693739166852e-01
1.319271307127667159e+00
2.473308271730630392e-01
4.577889397396555649e-01
1.426174822594107106e+00
-9.430175836947320978e-01
1.878139077361086207e+00
-1.052971822082223952e+00
-3.181308886807661662e-01
2.232992880348335929e-01
3.657587631815456541e-01
1.106046503154383132e+00
-1.654611785447195338e+00
1.445211472584128354e-01
1.615880206262165775e+00
-7.691347681073452958e-02
-2.044646393568694265e+00
-4.097215108026595054e-01
2.104645789926850696e+00
-6.255675583714002119e-01
1.053042712118614332e+00
-4.757930839602914075e-02
-1.238537483455417337e-01
-4.100293550859898106e-01
-1.295651592595376655e+00
6.071746886672556576e-01
1.494897595975633653e+00
-8.103252969530509997e-01
-1.490597756461899071e+00
6.653281342832400025e-01
1.019122072030709925e+00
-5.296278228035431468e-01
5.430672863986127918e-01
3.253469912451895096e-01
1.002554473711531280e+00
-6.241337554173488344e-01
-1.176005753918643926e+00
-4.145081062322452103e-01
1.432990702542094041e+00
-1.023072422932624459e+00
-9.186110772592646079e-01
3.184951033831177614e-01
1.574992751050353912e-02
-2.208268612235917860e+00
1.539725763350584975e+00
-1.419861350014765433e+00
-6.446899508582152327e-01
3.145895697551183701e-01
-2.793717983114031522e+00
1.433529274859028479e+00
-1.006666281137698737e+00
1.183043292262453638e+00
5.926847212644950069e-01
-7.589421310561953460e-01
7.243750302907232541e-01
1.112432538152385436e-01
-1.283906880337947642e+00
1.346231705234673670e-01
5.049764238832781249e-01
1.057516749894422237e+00
1.474173156662838408e-02
-1.224993017539142970e-01
1.155136640679885751e+00
6.101603507365838119e-02
-5.876606375431522172e-02
1.455749875750103339e-01
-3.145915263548998420e-01
6.385286929458579008e-01
1.075359539339531656e+00
1.657228794785044201e-01
1.444019876448831230e+00
-4.106555417770736960e-01
-8.854358729183531285e-01
5.250067188070918212e-01
1.706046561170172504e-01
1.335554242660244695e+00
5.180505636909539247e-01
-3.065288546210596654e-01
1.503006142307952375e+00
-9.184339844863418367e-01
1.248765322930570493e-01
5.189779659441664528e-01
-1.072205171349579933e+00
-2.695357896218932292e-01
5.471683405421965407e-01
-1.707838033314167170e+00
-3.693740527630920978e-01
9.509039455360629445e-02
4.560960099082178587e-02
-9.749129765012966020e-01
1.687753422739013409e+00
-8.181668951613583207e-01
5.115961571992868467e-02
1.097114780187415484e+00
-4.651737768980955812e-01
1.092731597234721241e-01
8.953461538183805635e-01
-2.715995919331790631e+00
-4.974635186882508386e-01
6.199656342877810644e-01
-1.492564811485804332e+00
-2.079924553751563154e-01
-9.842795194890312516e-01
5.681464277813730313e-01
1.467341534087805766e+00
-4.578401999050394910e-01
-4.148526346626015826e-01
-5.222803201728702938e-01
-1.064984232039132284e+00
-1.555812835880378886e+00
3.492190576782622236e-01
-2.032322070762933031e+00
-4.749397137527799906e-01
-1.841214175773365547e+00
-7.472581476404150935e-01
-1.872219385939513980e+00
8.499824260943102949e-01
5.228380042550253570e-01
-1.080483985764550958e+00
-6.821851065885373711e-01
1.236597534643791407e+00
-7.877018472170727037e-01
-5.818082778629537488e-01
-6.268847204076694046e-01
-4.118776596090110154e-01
-4.824524788719685708e-01
-2.031233076173082797e+00
-2.517243298310180011e-01
1.615430404642414830e+00
1.886208797309270713e+00
7.617303646545957596e-01
9.977389154372352520e-01
-3.637126770427508843e-02
8.476077684783277499e-01
-1.916030836511653401e+00
4.994779743921573534e-01
-1.072240072103325947e-01
1.046868423494850264e-01
1.549521523970645243e+00
-2.450109275486496152e+00
-3.937887436023929655e-01
-9.338451742163773606e-01
-5.327942759609136658e-01
-5.108648847025371031e-01
-1.329046853803472983e+00
-8.422170722401309817e-01
-8.404709934325680365e-01
9.389115447485899546e-01
3.054661973405168873e-01
1.100262528710464482e-01
1.592813302733262715e+00
-1.902261238051121406e-01
-2.478251785820237085e+00
2.418996827379567893e+00
1.062126962474589487e+00
1.238187124822556440e+00
4.371321873827165860e-01
-3.165380268183327406e+00
7.015961864142923332e-01
-3.533136196618821834e-01
-9.452370158133384104e-01
-1.680052806581760816e+00
-4.467414976790037850e-01
-6.130349900800290408e-01
1.096309141980617907e+00
-3.149189720326436848e-01
1.311477049665291383e-01
2.441119816153220767e-01
7.432627665110113063e-04
9.244827921896224820e-01
-1.150925734336872619e+00
1.019262882638184875e+00
-1.777097908541609150e-01
7.819138525801900830e-01
