-1.568782647575712508e+00
1.740054723330364039e+00
-1.150811044444561171e+00
4.991714723479082627e-01
-1.152922548603343700e-01
-3.232284386243009511e-01
4.696837851756970328e-01
-9.074568076680749051e-01
2.003872710445343819e-01
-2.367371973965833210e+00
1.218851597765601369e+00
-5.158466310088032358e-01
6.042608249679533028e-01
8.514754082737810981e-01
-3.389099459837905948e-01
8.003218017935471995e-02
-6.941767584978271177e-01
2.710222181810678088e-01
-1.883353553644435963e-02
4.849634400823773506e-01
7.365988410345478687e-01
2.875174856710834281e-01
1.074623728543967704e+00
4.240986453895135289e-01
2.303460071839090961e+00
-8.814737094360224345e-01
2.528209466716354603e-01
-1.449098808319714937e+00
-1.186216895170516539e+00
2.075055086515559921e+00
-1.483590066907521932e-01
9.939257715280763739e-01
-4.596442377083013175e-01
-5.588564408608827083e-01
-4.002455140215942231e-02
9.221013588614805911e-01
-1.146906076769749899e-01
9.131619638507663117e-01
-6.611745564593340951e-01
3.833568660275007423e-01
-2.613862679707168901e+00
1.343190567730486729e+00
-6.557126702858027956e-02
-1.343232994811533132e+00
-4.889296337473888338e-02
-4.473127257281302449e-01
-3.259255823812690633e-01
-6.059426926781777967e-01
-1.100720580594678699e+00
6.749264484959421884e-02
7.109703720324103138e-01
-2.850948211109605168e-01
-1.980065354333026661e+00
-3.939730562589605634e-01
-1.629891680789564146e-01
9.396791594855623264e-02
1.433091128353556565e+00
8.359524381391228998e-01
-2.281289406127486430e+00
-2.450121650927332695e-01
6.396408964660250940e-02
4.832999417360043376e-03
4.027817804434528637e-01
3.959322255228789889e-01
3.373199313107534958e-01
1.653684816108883737e+00
-1.374483527368395297e+00
5.377955963925219462e-01
-2.074676451566566104e+00
-8.506590428663896031e-01
-3.450482912416469872e-01
-8.461025715238293388e-02
-2.460809758460047458e-02
-8.638750257686679257e-01
-7.292168175870179514e-01
-1.092089294539951849e+00
-4.460216425678872193e-02
3.092951070819458970e+00
1.006638222355574985e+00
1.212539271169372768e-01
-2.373142212087651359e-01
-4.064481097537478438e-01
-9.075706810754347043e-01
1.203435353779651162e+00
-3.737360366257737043e-01
1.357664419302487602e+00
-5.850913787168716684e-01
-9.885645545557895097e-01
1.219261190971677733e-01
-2.299941153206106204e-01
4.683132951524711651e-01
1.348834680544447773e+00
5.026245508443650811e-01
4.935593795436701847e-01
-3.918308268492643465e-01
-8.870340145369594032e-01
-3.138359904577550652e-01
-1.705529686754960972e+00
4.892703938942782327e-01
-1.689522318513125176e+00
1.365136280002953728e-01
1.111336836073084644e-01
-1.623767879662890434e-01
7.176354308331849285e-01
-3.913081313693390212e-02
-2.828532398999992203e-01
1.609984834952417898e-01
1.202038818604298953e+00
2.238584833317061942e-02
-2.643542675561315058e-01
1.142552307977461601e-01
-1.295506330638536152e+00
-1.977812297419081267e+00
-8.660723136615364748e-01
-9.686553311423268253e-01
9.634863239364516163e-01
-3.013230311644289894e-01
-3.286233338914235080e-01
-1.218516204045067219e+00
1.009119775012286141e-01
1.599011161876594256e-02
-2.860281716838662947e-01
5.636995410052033639e-01
2.147918883801559764e-02
-1.239772004706030106e+00
-1.767626371954144737e+00
-1.655295137249773452e-01
1.327464935774734567e+00
2.701703898779868052e-01
3.487138006542033208e-01
-1.514950647354045277e+00
6.127718971668595360e-01
-1.556318483585552359e+00
-3.266309551375368159e-01
-8.239915582334123023e-02
5.976999543493473344e-02
6.556585987338637844e-01
3.555180327941305229e-01
1.757232692450724776e-02
-2.574945512144022897e-01
2.992931783780428123e-01
1.054585420230269577e+00
1.439209875826865881e+00
4.463634473164978522e-01
-1.700641066114563435e-02
1.391151395811435210e+00
8.684329306260958337e-01
8.188113065143043379e-01
1.694344164304379508e+00
-8.297580257326657716e-01
2.855830004286565860e+00
-9.194657046261039968e-01
-5.369328517265854472e-01
3.959768079292895204e-01
7.707189267834280155e-01
-8.213916962967243718e-01
-5.522783523719878573e-01
-1.911402801833112231e-01
-4.116357831073683832e-02
-2.545486943992979478e-01
-3.586120341841460557e-01
-1.539874687185407431e+00
-3.918815231733340787e-01
-1.331120620173653180e+00
1.247254662104516854e+00
-2.639369408624275826e-01
-3.003032387018967353e-01
8.323587058090395896e-01
-6.061783113659321431e-01
4.504630713609655834e-01
5.143571032403269072e-01
-2.559914804412511402e-01
-1.177833309119904248e+00
9.110975601907338461e-01
-3.260740602184730164e-01
-2.504660798497663876e+00
-1.504919613749097218e+00
1.120838984792129622e+00
-1.811717456604215459e-01
5.275701543731841081e-01
-8.531280569360313315e-01
-1.706018177851059470e+00
-1.193972378080055075e+00
-1.091089807887702656e-01
8.187347686551084136e-01
4.813377023084183109e-02
2.214945821170778650e+00
4.357657379464436320e-01
-8.629744585478462682e-01
7.917405683950471396e-01
-3.284099053218480363e-02
1.260240672050456201e+00
-1.642848840565324098e+00
-1.331208025272957451e+00
-1.311472573180726187e+00
-1.090343459601326837e+00
1.061149264045361917e+00
5.480654386500267983e-02
-6.323030520061206916e-01
1.593313723843909235e+00
-8.743814586241188680e-01
1.664889419782575652e+00
1.024884301290662075e-01
1.572411708768403082e+00
1.391343738924343265e+00
-1.540865910524456872e+00
-4.333041358807102061e-01
1.198144866557575794e+00
5.586180302404685216e-01
1.851444708542143269e+00
-1.349304298786365042e+00
6.134169228407482244e-01
-1.532528353449092773e+00
-5.787926548216304479e-01
5.919916450124049767e-01
-1.490310514501440808e+00
6.842074292536620694e-01
-1.161875863320840502e-01
1.125762103442651929e+00
-4.380229021567378922e-01
-2.769041618006842093e-02
-1.191772214957149689e+00
-1.560775176987469308e-03
-1.792981276409475910e+00
3.910438723897594060e-01
6.332144152732579467e-01
-4.984340311679861801e-01
-1.002881708952997553e+00
-4.811113893036685907e-01
-5.516788517074883158e-01
-1.620443287036559932e+00
-8.328044875473185060e-01
-1.621347778364682801e+00
-8.739858015883723574e-01
-1.114702532935863744e+00
1.612505060911289811e-01
-2.024929694097890309e-01
-1.338219238915284492e+00
6.528795883392827237e-01
-4.935061820583444003e-01
7.113508896368651024e-01
1.351752993069148978e+00
7.262544393285395028e-01
1.515580473729605915e+00
9.623440404971493889e-01
-1.781421187355202385e+00
4.971774511701495536e-01
-7.595531669746542758e-02
1.963545172591573199e-02
9.008245968944308263e-03
-2.154294905393483450e-01
1.313919636816635927e+00
5.039530466661629182e-01
-6.019880184528305644e-01
-8.333934721483200470e-01
-2.134255831120998259e+00
