-9.119764529365845807e-01
2.761990372799514870e-01
-1.115988993285584874e+00
-3.713162407508985852e-01
8.100160900886091975e-01
1.697345668488131620e+00
1.240744667469654505e+00
-6.790923057959976639e-01
-1.771634671172638287e+00
-1.388613194041182997e+00
1.462559809130208555e+00
-1.421224550810558651e-01
4.629754097591635698e-01
-2.489949191902293357e+00
-3.282316133147018117e-02
2.716304369127575669e-01
-9.656259636036040872e-01
-2.645220636462830011e-01
-2.229200913234912762e-01
-1.056633633558657914e+00
3.403802144148018183e-01
-7.541717513031502840e-01
3.572688696941234143e-01
-3.385213883532966345e-02
6.160949455379237660e-01
6.224787981459611874e-01
1.668891653915709927e+00
-5.730630189409728903e-01
5.371204548156461277e-03
-1.368689226285314975e+00
7.352089232362970517e-01
-9.242533349937605003e-01
2.253596706182642517e+00
4.918280211457698448e-01
1.404700247609823593e+00
1.403478735280876410e-01
1.560632601990235013e+00
-1.135951640755942016e+00
-5.423674010968952963e-01
-2.154898348079581361e+00
7.739099927712477234e-01
-1.746442876712391845e+00
-2.863137648186039885e-01
-4.634831527552401020e-01
-4.228088242322714518e-01
-2.476809594313095886e+00
-1.467141878213552575e+00
-1.639943003965313784e+00
-1.517022266970364353e+00
1.445531328406868710e+00
3.244104639411064112e-02
8.815162181169453604e-01
9.229638779651085922e-01
4.037203562787424205e-01
8.241052192386687514e-01
-3.979296783180774066e-01
-1.911173231300903885e-01
-4.495618736499714663e-01
-9.706533381402704386e-01
7.573665205921270571e-01
3.979547435348724238e-01
4.951554323512457056e-01
-4.375482811654191617e-01
-7.504067891792461920e-01
1.213176161136758774e-01
-1.226353671348730190e+00
-1.602895526915597002e-01
1.868639252185552158e+00
-1.803410218692003686e-01
1.132034550896565017e+00
-1.601430991195915254e+00
2.393620220419389710e+00
-4.828964714542519077e-01
1.405633123367467929e+00
7.496388352130523014e-01
1.165775295567850423e+00
-2.179167739005405668e-01
9.165152446359128291e-01
-6.053136812293511415e-01
9.270352463637142604e-01
8.005046142005777243e-01
-4.668952012974305621e-01
-2.689434156443728519e-01
5.926067414657425481e-01
-1.542575931830232561e+00
1.098109005373691272e+00
2.348135621738096090e-01
-7.021090964836449455e-01
1.623174314791478334e+00
-1.346269762209986176e+00
-8.621814129024841789e-01
-3.299491675675790825e-01
-7.747752022016031193e-01
2.675333995288791678e-01
9.870375944682987512e-01
-1.020990257212911256e+00
6.085551078729269925e-01
7.853774069618968401e-01
-1.475101481696144079e+00
-1.365438332760468380e-02
3.711983115133627442e-01
3.520911281658920533e-01
-8.869045140804298066e-01
3.005862636993441028e-01
-7.737220212433320032e-01
-1.017052483711103461e+00
1.634388176565295003e+00
6.663893996742953352e-02
8.765853557058799206e-01
1.543235897405839330e+00
7.738346902580794939e-01
5.941034675299857737e-01
-7.697702572932088039e-01
7.018595407288464871e-01
2.109751430169484188e+00
7.057231674796912158e-01
1.174184545910733402e+00
-7.671199168101815458e-01
-6.184231597349769682e-01
6.622533257418435904e-01
-1.587066074450416142e+00
2.401194728953068014e-01
-9.929228051950241829e-01
-1.963080874001161602e+00
4.183104627172107293e-01
2.528757433427678558e-01
9.283098352704695078e-01
7.383723775092024821e-01
-1.978960304498289080e+00
-7.717311110001334740e-01
-2.580355909231046851e-01
3.857968723065891004e-01
-1.334611472785533381e+00
3.788605798641438427e-01
-1.424108052862649021e-01
3.528035290716911576e-01
1.228882005457894028e-01
-1.703897015513343050e+00
-1.210127493987855685e+00
6.522675358840523963e-02
-1.100670848246388278e+00
7.675228278201664533e-01
8.605393799565905777e-01
4.193057970683379543e-02
-1.179461270469433387e+00
-1.315748779949852842e+00
1.499400638014305009e+00
-4.224455908748048771e-01
-1.942656161627412725e+00
7.398351869811525816e-01
9.231825437846921112e-01
-2.347376040128200669e-01
1.557992415657138086e+00
4.347978320014824760e-01
1.950067768964811821e+00
1.047017517055625957e+00
5.049454820252221587e-01
-1.731483987278181480e-01
2.330706043052671816e+00
-1.482627815511025515e+00
-1.390926288515161646e+00
-1.170373213553564273e+00
-2.350377789627257630e-01
-1.823767065859269454e-01
3.822667596689732772e-01
-3.810676068876543421e-01
-1.111592651860560554e+00
8.417788404616712850e-01
-1.559422783247002231e+00
1.187556455862722515e+00
-1.499395190272429623e+00
2.190400753773801501e+00
4.777102979494071699e-01
-9.897114817065889580e-01
1.222644125970718393e-01
2.410406641932430760e-01
1.038237398616488338e+00
-9.335099105671026409e-01
-1.380287375470188982e+00
1.336607418187841512e-01
-1.090972269844526776e+00
-9.172195336744039251e-02
1.129420850728061476e-01
-3.163229380921505629e-01
2.642635525061337809e+00
-7.700196859591138532e-01
-6.699285832209687097e-01
7.446443698988577387e-01
8.464204874428095104e-01
5.516546411106169057e-01
-1.401702268808685536e+00
-1.377344251990716417e+00
-9.959967340820583548e-01
2.464296668550203240e-01
5.530773612629009683e-01
-1.619448705775489383e+00
2.438365618109104904e+00
2.496439774220940433e-01
9.913132257624697186e-01
-1.779889843273496919e-01
-4.766309866162790621e-02
1.267952935708023476e+00
2.074720493063761662e-01
3.552610132528145059e-01
-6.252583665145065861e-02
6.930007649302231121e-01
7.159380544258131529e-01
-2.573003439579021889e-01
3.475814891233406367e-01
7.364238884218443637e-01
-6.419527945500785870e-01
2.360313453641446291e+00
9.224805182342743493e-01
-1.454955504073250472e+00
-1.695594070971907508e+00
1.104771711158749392e+00
2.416302429374468375e+00
4.287323004144296887e-03
-5.307297295359835188e-01
1.745227426437768070e+00
5.702004537343288160e-01
2.049866631426956465e-01
1.012582670530319584e+00
-3.864826433920087040e-02
-8.308629546340734473e-01
-4.379791569194220191e-01
-1.545652138786548724e+00
-3.088371837350770033e+00
9.233459504667489437e-01
1.257101300657488041e+00
-7.362003299618576913e-01
-4.216403219429896709e-01
-3.340813174443472144e-01
1.056629458712559332e-02
-1.518049216067650420e+00
7.149526013056321794e-02
-1.432311761676117179e-01
5.641348776361823081e-01
7.718283662893448138e-01
7.617974729055004834e-01
1.819758256437850052e+00
2.116527219799324011e-01
-1.192227616680233027e+00
1.716728461156999508e+00
2.034629155209678686e+00
1.543013970016313019e+00
4.653973280110822452e-01
-1.447880338562800517e+00
-6.819691160052351320e-01
8.141347163459422553e-01
2.138763653507077311e+00
-4.778150490361419145e-01
1.181601690227468276e-01
2.684587683487319465e-01
6.144979923968395541e-01
5.309589316193455422e-02
