1.900328353491425482e+00
8.602168008745151306e-01
8.330273019600944462e-01
-9.490058743652278750e-01
1.797074227903683041e-01
1.017353437492654278e+00
-3.967222630054918486e-01
-8.296985425333707198e-01
-7.671715901351350286e-01
1.675274199183516943e+00
-1.126528183908001912e+00
4.067881630474303734e-01
4.875144688862910469e-02
-5.450952947856585462e-01
1.200758913396729743e-01
-1.220690016068701755e+00
-2.644777147068874124e-01
3.883839086007016550e-01
2.949944307561063184e-01
-7.059167550462515095e-01
3.676475221237609503e-01
-7.027533407175848845e-01
-6.042416352389076151e-01
6.749157427575235291e-01
5.934263184637288413e-01
-1.911044946309728987e+00
-9.362542417433560304e-01
3.083727657129433641e-01
5.762328117217017931e-02
-9.052412624201425784e-01
-3.902860109817455347e-01
2.556547484895470124e+00
-9.041583653340343751e-01
4.683296749039394524e-01
8.393801776934946002e-01
-1.170619608303276715e+00
5.857190495622121018e-01
-5.305308728328452794e-01
-9.289907909237440364e-01
3.150808205593107897e-02
2.668348561468061875e-01
-4.862171287322918367e-01
2.573533183258642221e-01
-2.104188157507906887e+00
1.220431108685203769e+00
-6.693009735167124719e-01
-8.056971761097683760e-02
1.181116425203887932e+00
1.016635451999883033e+00
1.081745914013655607e+00
-9.414437810358764480e-01
-5.606986592085413390e-01
-2.819477959212125295e+00
6.492771278976013916e-01
1.810623361420989896e+00
2.699071475937542958e-02
-4.368785136210365794e-01
6.078420618076136872e-01
1.054380099473494758e-01
-2.810557196898328947e-01
9.282167413742761219e-01
5.576672464146034125e-01
-6.130284964945281745e-01
-2.642003573633446289e-01
-1.096512592995366298e+00
3.587655039018053937e-01
-1.185225941404376204e+00
1.346020509191046211e+00
-8.162437061763208046e-01
8.365468696469279264e-01
-4.632325891825583852e-02
1.058145243554573511e+00
5.718629580688330272e-01
-1.120171702837157390e+00
-7.802360385274571299e-03
-1.581871842697062824e+00
4.862927963175602830e-01
4.055473707695914642e-01
-9.343316161148882415e-01
1.229504908353487025e+00
-1.616050572397449703e-01
-8.286917137429646030e-02
-9.050233596098842259e-01
9.919372126314474070e-01
6.391294702490604163e-01
1.820685163476213342e+00
6.668743033096014017e-01
-3.683938849277402228e-01
-7.208692765741053776e-01
1.603452021516762027e+00
4.688195294097559640e-01
1.072688229502644752e+00
-1.590662894712138398e+00
6.850447858659027833e-01
-1.558040153663445171e+00
-6.037571931140410797e-01
7.485748082721425112e-01
-1.688630526459761194e+00
-2.978969805071363663e-01
2.006454344073914028e-02
-6.040531701728145686e-01
-1.373026401109684047e-01
-5.521236827852186169e-01
8.177436901832008109e-01
-3.773311412294282352e-01
1.968839566669668306e+00
-4.511460331176265215e-01
-2.245894876721920563e-01
-1.155333253114923409e+00
-1.388132460919124345e+00
-1.002473679645982330e+00
-2.305421479995031775e-03
2.376548148412376826e-01
1.373377954769328557e+00
-1.731532784470811992e-01
1.188958835879425358e-01
4.242526891525765231e-01
-6.374969275819996062e-01
4.511126295469270464e-01
-7.514828270286011414e-02
8.290544949632353555e-01
-6.259258440838484649e-02
-1.542654298863051165e+00
2.207161868216171285e-03
5.840217919890199755e-02
1.601092485133209120e+00
7.672274356068145007e-01
-6.468354403968494815e-01
4.084899056808988238e-01
2.923210760901112093e-01
9.023398651478703458e-01
6.688736115140732352e-02
5.895577938612664992e-01
-2.173809004411261459e+00
-1.466061019300235024e+00
4.906946789851985291e-01
-4.869861752876746830e-01
1.263084631978974581e+00
9.897252028377603872e-02
-8.590592608347671910e-02
3.486740216991299213e-01
-1.269727952194942278e+00
1.301292666122120523e-01
6.462169995758569874e-01
-5.157000995658136411e-01
2.620649707291252906e+00
4.098695189642414527e-01
6.246613476162162781e-01
-5.064030840516303700e-01
5.949093712182665916e-01
5.445173789012457410e-01
3.847103850463249874e-01
4.183187942629801315e-01
8.976650980093705545e-01
-5.484750236802775625e-01
-7.675626662536827460e-01
1.302888619226848732e+00
7.254429631379061272e-02
-3.305558775426866158e-01
-6.584488357937433589e-01
4.654519729754715840e-01
-1.054029014551195242e+00
-7.232200737793826884e-01
1.195222661329481184e+00
-1.162153931439576571e+00
5.014884484238579798e-02
4.844718926785051005e-01
-8.369644608478793435e-01
-3.562959118137503517e-02
-1.581310249891429098e+00
2.530618140199866195e-01
-7.390918035870507330e-01
2.568021786176818422e-01
8.939271415318772451e-01
-2.707996582514798689e+00
-2.387146737723496503e+00
3.541445562473752307e-01
7.331288502744900959e-02
1.429681317215711678e+00
-3.779396468523449903e-01
-9.100777084327371647e-01
-2.091654296026911553e+00
6.686420701963404767e-01
-2.071615710440724845e-01
-6.237131166832450280e-01
1.030756586494835148e+00
2.484244920911798382e-01
1.295530008602208349e+00
-1.300706214751949252e+00
1.374786434877863783e+00
-1.817255865114447921e+00
-3.027106551669380141e-01
-9.335051215678756842e-01
-1.382443098763627143e+00
1.187043584431957566e+00
6.183500328459572426e-01
1.110473311431717791e+00
6.571510419802494285e-01
-3.788396361777035537e-01
-1.229105310822971697e+00
-1.463742424840417389e-01
-1.101376028722623523e+00
-4.866795947975197656e-01
-3.013142345292677549e-01
-1.150841217269329836e-01
9.806107394263473553e-01
-3.940635579381721737e-02
3.008190122222952900e-01
7.945334610702394773e-01
2.578054553617949440e-01
4.162237273173804986e-01
-1.043988365119336459e+00
1.022655110025630032e+00
1.546070572758926343e+00
-1.071647693070924889e+00
-8.750509646019958288e-01
8.889573536992861902e-01
-9.716442803560033925e-02
-1.432547552444359829e-01
3.405382412147496263e-01
-4.380935232960690429e-01
1.570296661072878575e+00
-2.863743177180438915e-01
3.511274297195066674e-01
