-3.249155214550206172e-01
3.498836010919980644e-01
4.457475829189925243e-01
-2.822904410332699454e-01
-8.713170929139764376e-02
1.574094918608728300e+00
-1.027001511856562299e+00
-3.762580010615042547e-01
5.875491971113421252e-01
9.595159928588360421e-01
2.238449206925134494e+00
-8.357645590909171807e-01
1.772842600721707296e+00
1.749690568669055313e-01
-2.973626639811974837e+00
1.106548503280643692e+00
2.582860640779094386e-01
3.459809208826256643e-01
-1.441777708708709360e+00
-2.638752671106550096e-01
-1.777492247039686779e+00
1.501889550571892384e-01
4.884561761663289148e-01
1.189209881941340585e+00
-5.386765413303920003e-01
1.415492361079379924e+00
8.956860399811070739e-01
-4.136841167451017487e-01
1.511052139229029700e+00
3.106457358226077936e-01
1.486218950283485496e-01
-9.639523713309050557e-01
-4.664656522844622955e-01
3.740913140844938645e-01
3.134945433120592817e-01
9.651901557694543277e-01
4.698043635976875687e-01
-6.205458309292086749e-01
1.850083342232485273e-01
1.801077563775562440e-01
-5.878486582529631604e-02
-1.369968586733998128e+00
-1.937597503025508150e+00
2.511147766924784808e+00
8.471873934993077171e-01
4.142180534338540387e-01
9.372307905468932887e-01
1.516643181783483119e+00
5.203183933502629754e-01
1.653966364467568048e-02
7.319818003712666998e-01
-4.329833341076139153e-01
8.991006695185378428e-01
-1.697871422774124006e-01
-8.745316591452468868e-01
7.183626958517451699e-01
7.325066255749131949e-01
1.194070688971431426e-01
6.579146447149105681e-01
4.596350445109407407e-02
8.583712380900989647e-01
6.223706165486539987e-01
2.090544247021068613e-01
6.141783119506826205e-01
1.442173143300577998e+00
7.217611565601136925e-02
-3.120716705057894128e-02
1.742559094213374848e+00
-1.033725071819797003e+00
-2.987583099519211180e-02
-1.605915919767996192e+00
5.805850563611087978e-01
-4.286387472330733250e-01
1.401572739073888352e+00
1.349353751537721191e+00
-4.001807561036646033e-01
5.808420611325911809e-01
-1.956884344193012340e-02
9.725274901933668170e-01
7.871006530971457194e-01
-1.875446810013834620e+00
4.243758164584021664e-01
2.195041622886447996e+00
-8.013604725746480417e-01
4.145694746624528082e-01
-2.026571366086600268e-01
6.125754733492723147e-01
-8.278651180898235484e-01
-8.987064078074541093e-03
-2.412914462623513501e+00
-1.578953447260471876e-01
-4.952891468849696111e-01
3.939534363435459041e-01
2.294379276007181279e-01
4.706749784058402164e-01
1.255211235605018238e+00
1.154638816489096165e+00
9.608501453677165127e-01
-3.225018476045618532e-01
-3.295566466895803459e-01
-3.260489944187665579e-01
1.507673806797358962e+00
1.012963065052489842e-03
8.103392655208607742e-01
6.678551317064286286e-01
-9.099682379197528981e-01
-8.342816195227733544e-01
-2.771642806675538306e+00
-6.465334052654949648e-01
-8.330872215418694271e-01
-5.337509720769209043e-01
-4.114869169205978006e-01
9.694196599758450050e-01
1.394253891134796364e+00
5.698915062788760810e-01
-6.907367791459475548e-01
-1.098745861516129629e+00
-1.069188346110558241e+00
1.457379867722616629e+00
1.041770115246920314e+00
4.281674810984261725e-01
-4.824350651710591631e-01
8.144024614659386430e-01
6.826830527585640018e-01
1.875031350901995852e-01
1.494365593013361693e+00
9.281663448952788553e-02
-9.598530795439959018e-01
-7.853156880821320351e-01
-9.698640524836724675e-01
-5.064716017858699182e-01
8.958185604864109530e-01
1.256631354364511788e+00
-3.782240837189546623e-01
-1.484708349655931015e+00
3.454469147132980811e-01
-1.876793805206067312e-01
6.191015565341349003e-01
-4.391574670807141811e-01
4.436799291177415672e-01
5.406792256814032527e-01
-7.672821130153184566e-01
-3.659724430167334841e-01
1.593111899746559423e+00
2.324996843131136026e-01
-2.012436389043285256e+00
-1.139788047954115369e+00
1.396851871839623893e+00
6.058956225474964041e-01
4.354925483400625685e-01
-1.820723312670189387e+00
-9.552636486794107151e-01
-1.242386571959226416e+00
1.613892997152501119e+00
4.586073497347735173e-01
4.802811825521357547e-01
-1.620916616686141343e-01
-8.770300933693909728e-01
-1.644104888939392495e-01
-4.885364368889002495e-01
1.204759482428045869e+00
-7.968963369666737240e-01
-5.710432673331266029e-01
-3.810598164455704095e-01
-4.385513453746999191e-01
-8.341377184215645890e-01
1.084986813257449834e+00
-6.481287486949427468e-02
-5.882719479852179800e-01
-2.035384684718423820e+00
1.849792361424578702e-01
1.009170463340997692e+00
-2.262774151933989231e+00
1.579718249088637227e+00
2.995631503580755695e-01
-2.471576820320477708e-01
1.364011892122699576e+00
-4.354212885837927538e-01
-1.047769112886540066e+00
-6.758342576593808770e-01
4.399160113635337127e-02
-5.106975207600960021e-01
1.600098010790709901e+00
-1.246254283736105251e+00
1.334569606408014808e-01
-4.238778176278126808e-01
-1.049973215253657000e-01
-9.210691639169132916e-01
4.554704917350920756e-01
-2.447518013885857435e+00
-1.136798334437768121e+00
1.207597029352063922e+00
1.659444356184350600e+00
8.512980867542067065e-01
8.257088104611925994e-02
5.742842765323536575e-02
2.095895472442833585e-01
1.602430388146372231e-01
2.841617697429427158e-01
5.169178306047074178e-01
-9.729877704476361799e-01
-2.301782082256629558e-01
-5.702361683511387724e-01
9.914859540093936552e-01
4.795497745448173282e-02
3.553981564148136485e-01
4.640672368368553569e-02
2.540999418817798450e+00
1.237528624318617210e+00
4.942875248803366706e-01
6.915907627003791136e-01
-1.328737141552348344e+00
1.597594025412837349e-01
1.362844200869157474e+00
4.300272880532219344e-01
1.072395674597961035e+00
-6.992413791609040918e-02
2.228924816763044325e-01
7.804505696701712347e-01
2.293965816618356524e+00
-1.129726205252866711e+00
3.676768144552040596e-01
1.677152742948488484e+00
1.775691114767627421e-01
6.845086796120812556e-02
-1.351252957422776346e-01
-3.156390401476529828e-01
-1.708374460842945475e-01
1.282381004664407520e+00
-1.117047752906605851e+00
-2.001443074909527164e-01
1.141420257225339796e+00
-9.903467636520254525e-01
-1.009499171122380856e+00
-3.919475453762069628e-01
6.531249960039191560e-01
-4.102062583109629124e-01
-1.817702537938624685e-01
-2.222174637773542738e+00
-2.830424001984893079e-01
-4.443260362708544298e-01
5.679084431107157549e-01
-1.510876835569432419e+00
1.585699780831400840e+00
-6.196008281636676829e-01
-3.155387608247731124e-01
4.303764537247005695e-01
-1.064772685642916494e+00
-2.553308796425124427e-01
1.011639026509716155e+00
8.681213623729418238e-02
1.066809090914480507e+00
-1.171814492911428668e-01
9.567186541410260814e-01
-1.512809669489020736e+00
1.242319081720026031e+00
