4.684077224977752363e-01
-6.795113878438503452e-01
-3.917251228670266539e-01
2.981238070601774370e-01
1.645075839040058829e+00
3.856053771590967072e-01
1.241704613969382871e-02
4.953522906220668154e-01
-1.133582843635108306e+00
-6.617732745482509671e-01
1.838857379935213920e+00
3.339201218449090458e-01
3.991797909713953318e-01
-2.801727664333288903e-01
3.949904231227437945e-01
8.562159077333362234e-01
-7.756715327528322934e-01
2.219350782545037037e-01
5.635133183071602270e-01
3.173496668025324596e-01
1.871292824745664218e-01
1.952738149688281410e+00
-4.542771156187516701e-02
-7.265966374484699175e-01
2.373758363382622694e+00
-3.612647208583167902e-01
3.563473163912744823e-01
-4.722161399658799108e-01
1.403074893850605021e+00
1.638023812509775912e+00
2.364238787178789547e+00
1.686652900742970917e+00
-3.830547755475984251e-01
-6.230108465313528576e-01
2.914354077608958260e+00
4.972147275035538327e-01
-1.966244536610202376e+00
-7.580331360193155454e-01
6.314168030607419935e-02
-1.285781529978647919e+00
-1.388637683119572364e+00
-7.064583917634796872e-01
-2.907012630677531795e-01
-1.047755832719252433e+00
-1.717629821440169069e+00
-1.232407086198303636e+00
3.114399318806710948e-01
1.161318841386231870e-01
-7.297895509929238633e-01
1.110726709605824647e+00
-8.421516551345649415e-02
1.244932019827600156e+00
-7.824854294066359295e-02
-5.964916055425611985e-01
-3.731128986949894255e-01
1.777233518790156674e-01
-1.559820776286680588e-01
-8.494684170136285184e-01
9.175594953784611540e-01
-7.840404867641100894e-01
3.288655393521727754e-01
5.776793459499004468e-01
-8.353279213363541400e-01
3.460816787005990131e-02
-1.748626581670995883e-01
1.443569390713413281e+00
2.374457181966962149e-01
6.259115483405750524e-01
1.290685439266031187e+00
-7.573805468943858310e-01
-2.004550409946616263e+00
-8.749966356834252279e-01
-7.047353703682085468e-01
1.684829025717322404e+00
1.106258378025291256e+00
-4.896511476339621693e-01
6.576752262487883804e-01
-3.293637817447448435e-01
1.446917574791709016e-01
1.327778347688292282e+00
-2.787020084337085146e-01
-1.028313779245657367e+00
2.864616620600708430e-01
1.729462056762007260e-01
2.758749383676473710e-01
1.275925990110721608e+00
1.585935412902275132e-01
-1.044549629193074203e-01
8.093122938221067320e-02
-1.912901730273533774e-01
-2.083487797764010663e-01
6.272949046608988777e-01
-2.131434039003290426e+00
1.182390762946279539e+00
6.797465802839805504e-02
6.405441915044839118e-02
2.407700408140120985e+00
1.147706561404018943e+00
-1.632568091841054114e+00
-1.173068463221110663e-01
5.789580859567454718e-01
4.372575453007774837e-01
2.993491494115260165e-01
9.257136185149018592e-01
5.627752159058210246e-01
9.671771277807601486e-01
1.347068218877948365e+00
1.702678577454982967e-01
9.004386154275358933e-01
-5.907292531153605086e-01
-6.067472082779169495e-01
-2.016039356729075749e+00
-4.771494451978007811e-01
2.597742634532962391e-01
1.443636979659527197e-01
-8.031279738696554815e-02
1.151455570035353038e+00
5.888208796368965547e-01
-4.928825617805144832e-01
-9.714220083726309296e-01
-8.741978262037358727e-01
1.174672829216625747e+00
9.011976839442478182e-01
-6.954008251510984673e-01
-4.904276616177057901e-01
-6.330221368254840275e-01
1.006970262972775698e+00
-1.186645296619091905e+00
6.996308621040974174e-01
6.564253169150590095e-01
-2.739241302963860702e-01
5.018359879425074999e-01
1.363097183633388276e+00
1.009254765942412480e+00
-1.337389957666026641e+00
-3.938775937802926896e-01
-7.141895622540872512e-02
1.135964037761124201e+00
-4.874924150417092039e-01
-1.203408937072691698e+00
3.699669973586893201e-01
-1.097955335046048919e+00
3.077397062583882015e-01
1.316470343622908157e+00
7.778716055540435548e-01
-6.045075163518783823e-01
1.001481860505519350e+00
-9.413311714440346645e-01
-7.108935724453298299e-02
-3.658658196755169845e-02
-2.085339453194362258e-01
5.079596842342464225e-01
-3.057225024962956783e-01
-1.149192429996257259e+00
-9.835070004409585120e-01
-6.070993011606342638e-01
1.745081577800413397e+00
-7.871807352246641340e-03
1.980590829576125145e-01
-2.882824665619729276e-01
1.055175681687301026e+00
1.646096089154517106e+00
2.123814602963964293e-01
3.835252171832967405e-01
6.374201817987236174e-01
-6.023032037068873912e-01
-1.036568174709655565e+00
-8.289707401051212010e-02
-9.511742351294800724e-01
-3.974628364063900743e-01
3.536416444416973781e-01
-1.298131709564445526e-05
2.137482122867423229e+00
-3.938787130312390583e-01
-2.774172500411407061e-01
-2.946389973527893669e-01
-8.028235487436706508e-02
1.838701661942452548e+00
7.945812390268570669e-01
1.329419174910597468e+00
2.817879161459023951e+00
-1.385190016974345628e+00
-5.091596141506644635e-01
-1.505923011682920976e+00
-5.007953395812813069e-01
1.338186256620326642e+00
1.607615971251694420e+00
-1.013685069864469046e+00
1.380718251157413867e+00
2.289901267868413637e+00
-1.671778729345058778e+00
-1.753677559905788108e+00
-1.042866441846090231e+00
-4.561311523504886223e-01
6.291730105956219177e-01
1.020767748636366212e+00
1.561940591821898705e+00
2.917983004246945886e-02
1.033208952556316840e+00
-4.706666060744263413e-01
-3.084833831806943483e-01
9.149632786370706095e-01
2.126620470693209253e+00
-2.608984296715765039e-01
1.264852108119797869e+00
1.294546179418548937e-01
-9.836007949320282329e-01
8.223596242187387606e-01
6.174119687185983807e-01
-6.396197353355430604e-01
-5.229503476292214348e-01
7.461199119478008068e-01
1.670996048807400491e+00
-1.603939482618771117e-01
9.524816566496321357e-01
-1.251115828650900541e+00
-6.290708214343622151e-01
3.222427243339170966e-01
-1.410740088643616108e+00
2.007345839391912745e-01
8.831899128897289231e-01
-1.052540983475761943e-01
2.473901359295990421e+00
-6.015240547859825870e-01
-3.545123107565730236e-01
-1.516254116190695722e+00
1.194410786750675496e-01
5.158925942389277486e-01
-1.373410192893491644e-01
1.397924711222117367e+00
-1.173898659990806559e+00
-3.032924649089341340e-01
1.360749676268462327e+00
-3.329297377506346134e-01
1.892703353843867564e+00
-1.347969110329364506e-01
-1.023132057735066880e+00
-5.927610759658318018e-02
1.161247502167536555e-01
7.064095575321143183e-01
5.422878665417515398e-01
2.814357229388157466e-01
-1.521071723091379058e+00
-1.196519303868394779e+00
-1.060484092360765018e+00
-1.081609999792672472e+00
-1.619336114991748898e+00
5.779265031017598309e-02
5.388264706116944677e-03
3.591891653209702273e-01
-1.951797748937426302e+00
-1.453649831873258247e+00
1.462036950289699266e+00
-2.689112300429620017e+00
-1.276082896738919503e+00
-5.062506073378708615e-01
