1.921800736473116444e+00
-1.016789056921995504e+00
-6.259455402945420799e-01
1.378630535387477929e+00
1.221847325718023125e+00
-3.083678670808457145e+00
2.651110752016492753e-02
7.716830407106316514e-01
2.333162747753556587e-01
2.136765971315275625e-01
-1.791026122534014942e+00
-2.723882037098891429e-01
-1.089105910138288058e+00
1.478220390948000063e+00
-8.244867857811538636e-01
-1.869838737960726749e-01
-1.893152693990260982e-01
-7.492424412750638973e-01
-1.412749648631436816e+00
-4.617076423668242113e-01
-5.222240683912200698e-02
-6.405104186466547000e-01
1.565862528566522194e+00
-9.183428902048622611e-01
9.897667767154065821e-01
1.209575036116667945e+00
3.188428642111499345e-01
2.553405529967627263e-01
1.363472317382599552e+00
1.295510824757398483e-01
-9.861318070193725305e-01
2.360775901716616679e-02
8.172142134280931947e-01
-5.918205573161031685e-01
-1.692225564767972923e+00
-1.575400337817516982e+00
3.967066933353751157e-01
-3.065238813086783587e-01
2.865413692551767658e-02
4.883163180586586605e-01
-6.813601208716466573e-01
8.887139595957859184e-01
-3.376677677503437530e-02
1.908381633510221609e-01
-6.740999345197725701e-01
-9.285062170872405984e-02
-1.879964561130039458e-01
-8.558803620732723383e-01
1.120983798362557016e+00
-9.653652463631335889e-01
4.634988491374404385e-01
-6.919684043535251350e-01
-5.758171831629810278e-01
6.087457658447994469e-01
1.035533164426228669e+00
8.214309726896095176e-01
1.148581500189227445e+00
5.642237423916022232e-01
1.044643620080595581e-01
-1.457222312474405923e+00
5.785596186060565360e-01
-3.812925027204985828e-01
7.081638825381125768e-01
-8.802686035272092036e-02
9.865261126856218754e-02
1.586369547344293141e+00
-2.576863926384487802e-01
1.657483630603310276e-01
-8.170361041235006949e-01
2.123249414608906704e+00
-2.077720975742591847e+00
-7.846666051390256413e-01
-1.923909278702550796e-01
1.845253876438295026e-01
-2.186806740616138167e-01
-5.830877271785921412e-01
4.790080262723550031e-01
1.456216975966544980e-01
-1.525322489276032256e-01
1.181754439859582090e-01
-6.781344325817606489e-01
4.856201391891404873e-01
-1.128023133633137220e+00
-1.939983874618491089e-01
8.028876831178639595e-01
2.699488122399842926e-01
-8.434456615749155173e-01
1.783835478129777163e+00
2.060155099551517210e+00
9.932809528071701033e-01
-1.285801279506100681e+00
-1.270175252025765866e+00
-2.823932509556107417e-01
-1.160537409629562422e+00
-5.475105952895496092e-02
1.321732445708174275e+00
6.793537861196656813e-01
-1.082662649012400280e+00
-6.301217615409212547e-01
-1.087165008396592247e+00
-5.959098580742105966e-01
1.742434233555316681e+00
5.365905312427973195e-01
-6.850787262557805901e-01
-5.780609522345415280e-02
-8.659587289358178230e-01
6.390820741651477288e-01
-1.136375865938174412e+00
1.605920258084505337e+00
-4.854209581021673992e-01
1.955526296598510960e-01
6.884739048237901171e-01
-1.394512105233367993e+00
-3.779622683606955608e-02
9.978932252348334808e-01
-2.208232661977411304e+00
-1.549569956443402619e-01
-1.177904014618215700e-01
7.084475701867755104e-01
1.312099092088029550e+00
4.397011011351003584e-01
-1.037538862374149495e+00
-3.026517356506135958e-01
-2.844451747804263020e-01
-1.490996490898647053e+00
-1.034089742699255243e+00
-1.914813487638043765e-01
2.931602340709881793e-01
-2.317020881767151153e-01
6.195758817351643133e-01
2.230560621067197768e+00
-1.104529670616928166e-01
-3.300323887652271276e-02
5.432033810794518747e-01
-2.467391571419582375e-01
-4.894931878224869082e-01
-2.345303558851545012e-01
-1.467421236544404373e+00
-7.348272244792167784e-01
1.201097747962671436e+00
-5.644517093687696496e-01
-1.318349222081382832e+00
8.058564628717586054e-01
6.339310438313972007e-01
1.080098046355263408e+00
-1.620689369091985244e+00
-5.898744078544290170e-01
1.691728286639711643e+00
5.425452275761564191e-01
3.103733168089141126e-01
2.521454824586615739e+00
-1.725548359799145892e+00
6.724127084003789223e-01
1.339107890768731712e+00
1.158957496848428068e-02
3.648289364000006363e-01
3.886073646371733803e-01
-3.634371111301599733e-01
-1.353533255536397695e+00
1.189594841252274993e+00
-2.282079215318874310e-01
-6.640192151247463759e-01
9.588039142387915215e-01
8.869695164917590358e-01
4.853767394777092625e-01
-1.839810266182078546e+00
2.211101933850871948e+00
-2.984545321117578753e-01
7.293148929447379469e-01
-9.379572604946132541e-01
2.470491853985320674e+00
-1.006455724786880834e+00
-7.453793438455617038e-01
7.764052558311617114e-01
-6.450067477233592528e-02
1.768161586694628085e+00
1.746784583311491890e+00
2.212624666624756625e-02
-7.740463002316969043e-02
1.197602129595220832e+00
9.609294991852480594e-01
6.912716186368542681e-01
2.100651903664978004e+00
-1.190516952852437749e+00
1.758441413312963886e-02
-9.566084679670343593e-01
6.398464040845911471e-01
-1.170175333188929606e-01
6.937760717485441653e-01
6.248146285034916758e-01
-3.268167814944663574e-01
-4.209429758747829653e-01
8.968870411222865102e-02
-5.464743432348401209e-01
7.919209637574168292e-01
8.037350320888737853e-02
8.612445383643591024e-01
-8.765760899809119655e-01
4.531781078129761275e-01
-4.143519330622007224e-02
1.504633533038709725e+00
-1.257676187501044207e-01
4.953138945369400248e-01
1.307551059827053219e+00
8.839369930754178983e-02
3.795777002107313947e-01
-8.630781775958779045e-02
8.748046166164755721e-01
1.230920519615148701e+00
-9.561986668411992518e-01
4.549777505419239643e-01
2.914622877021341152e-01
3.772436783508178459e-01
1.344308253409124188e+00
-4.743110881142328372e-01
8.605374807396948267e-01
7.796285543452026179e-01
-8.483661694551605237e-01
8.710572625058422558e-01
1.410847901596254728e+00
-1.828395956238139997e+00
-1.874980061217884075e-01
1.480624083964634241e-01
-4.566656834745309035e-01
-1.054384475781561525e-01
4.794774995158748165e-01
-6.798543755388188892e-01
-1.352446085743668869e+00
-1.993416343875449970e+00
1.898465512382808917e+00
-6.533340856665174057e-01
-2.304210475114910395e+00
-2.558875447624157085e-01
-1.148045022471695376e+00
1.428270114471462016e+00
1.568075536342980580e+00
3.626356520979041181e-02
-4.932503255943629372e-01
-1.899959824956124921e+00
-5.382540448388266618e-01
-1.975442398303101088e-01
6.859951130247825546e-01
2.797327590256272756e-01
3.219588659103823636e-01
5.756453237008477553e-01
1.208225645212336996e+00
-4.064803399158984365e-01
-5.736365925581066172e-01
6.698489742519986301e-01
2.074848157478851984e+00
-6.080695678019183009e-02
1.562441821616955995e+00
-1.310928929888661942e+00
1.089478054364363180e+00
1.009067397218639472e+00
-7.695786447823413368e-02
