-7.444171097372562773e-01
-3.715058331597034247e-01
-7.365645877813905562e-01
-2.011116628795118488e-01
2.287781177210446992e-01
-7.687169369352310488e-02
6.973062852108962151e-01
-1.488938210819059638e+00
3.133227226933864018e-01
-1.137679868918451374e-02
-1.192126400347999660e+00
-4.791780019323576556e-01
-5.418043947606226984e-01
4.107108482788352638e-02
1.292716168300028556e+00
1.437398102377142606e-01
-9.034712678775121963e-01
-9.592260695464155384e-02
5.970308536628859963e-01
5.637677119707670270e-01
-1.843947382257418166e-01
-1.150364590184626890e+00
-1.112171844415024789e-03
8.383679210231677059e-01
-6.422744348634605860e-01
2.018154224389050011e+00
4.445389982217015645e-01
-2.416941391727445598e+00
1.218207500923035314e-01
3.358009567170019971e-01
-1.145681280767934379e-01
1.287629255973464559e+00
9.428420928229540310e-02
-3.009048212757107765e-01
1.730935685283803149e-01
-3.711776392548656878e-01
-9.099822736175359195e-01
5.941229686776685615e-01
1.687984769976436372e-01
9.202587529592216598e-01
-3.414837146639728704e-01
-1.727174303680012901e+00
3.181130540443228294e-01
-5.261163052615902558e-01
-7.014289447325015858e-02
-1.015864578386439288e+00
8.598186268061871473e-01
-3.516393687529120182e-01
-2.304421984453593752e-01
3.038437943356724763e-02
-1.421801400892416467e+00
1.965366510133222278e+00
1.655102739370403864e+00
-5.022251440630638025e-02
-2.478680400947919429e-02
-7.658239865456858420e-01
3.748101371079197441e-02
-1.609967207203270856e-01
1.852909387653292328e-01
8.319592586296715719e-01
-1.810936204534351779e+00
9.436912999001470514e-03
1.723082744666597499e+00
-9.203414309555539852e-01
6.873524208540293667e-01
2.676580547144358779e-01
1.443446491230717943e-01
8.601883030643145966e-01
1.347305678796820949e+00
1.963092831139047478e-01
1.716936943951078154e-01
-1.710898190729451540e-01
7.684444678783873828e-01
8.185102197846010341e-01
1.757565222226395996e+00
-1.571545843956685951e-01
1.913193489875648357e-01
8.862243174876174301e-01
6.563778288096892011e-01
-3.565210063658658113e-01
9.680286897687598868e-01
-2.362066873006809509e-01
2.545928205984146486e-01
5.603299183777530335e-01
2.592916596439673427e+00
-1.694904717590234311e-01
-5.444590949253100831e-01
1.110718465811053601e+00
-1.795468128808535457e+00
-1.375839422058688921e+00
-4.595387281561947868e-01
1.949278203105657914e+00
2.697811549232323469e-01
-1.004495105082516604e+00
-1.258963172988907031e+00
-1.384973084941876487e-01
1.081774918615455050e+00
1.501753152709871753e+00
-6.475166655101952662e-01
4.574542292175723945e-01
1.101680742518483358e+00
1.056858266127027379e+00
6.030969507832945053e-01
-1.356255863106738735e+00
1.078876143332734516e+00
8.462909922942368768e-01
-2.044799691656389307e+00
-4.264504654820185370e-01
-1.883780159247857355e+00
4.881277378046734450e-01
1.815945894336896238e+00
1.282752125110512065e+00
1.284336815898568830e-02
4.911689656888176825e-02
5.961244783485758481e-01
-5.483870288537133764e-01
2.107850820196808250e+00
-4.389676413895493012e-01
1.828128232392851327e-01
2.114987805277233068e+00
-3.310695289941083530e-01
-1.082472039628928240e+00
1.255136811439691691e+00
2.230155892729438274e-02
-5.652228760285904485e-01
-1.162748126468845733e+00
-1.342021992178988876e+00
8.598742293578530427e-02
-6.060657423867595872e-01
-1.772804310623040391e-01
-7.832030803255569662e-01
4.727753420305644827e-01
-1.533521383642675318e-01
-1.191380596745073461e+00
5.637582833372568603e-01
-1.725544431603114104e+00
-2.777363700411591418e-01
-3.762468951698551556e-01
4.487084972149145146e-01
1.327757231028315221e+00
-1.134992613518819082e+00
1.240088950273888102e+00
-5.595579775465013839e-01
1.165185651434973213e+00
-1.109031728145264406e+00
-1.919269946612509603e+00
2.801661489709155628e+00
-1.409727375684189266e+00
6.720906923321653403e-01
-6.399190754951700200e-01
1.892190845961929879e+00
2.057623114556026978e-01
-4.180746092278667808e-02
3.466768969735412043e-01
2.653925300476595583e-01
-2.366909829250172237e-01
8.606399822971282365e-01
-8.959475799526528395e-01
7.250737407307696891e-01
-8.484837761142344226e-01
1.692160365007413292e+00
-2.839534396980807895e-01
-1.698239032843520124e-01
-1.436560632175182262e-01
1.672849717417417059e+00
2.287121034030223488e+00
-1.945262957550762117e-01
1.053866131668420580e+00
1.321654105043593930e+00
-1.894836088030657173e+00
2.547214806409734411e-01
9.274566398168294645e-01
-6.482270496175158714e-01
2.390497264755091777e-01
-8.393629122691816935e-01
9.594911000751228380e-01
-2.233309775239302297e+00
-1.735347973292782564e+00
-9.185615958417198135e-01
-1.736022574581064237e+00
-1.823119591925028427e-01
-1.419601673716793355e+00
5.318318549305720566e-01
-6.672942136266359903e-01
1.021581276797248305e+00
7.163800674562866011e-02
5.068946834550113190e-01
-2.216153861176483275e+00
-5.811317323054537853e-01
-4.758724657994654050e-01
-1.982301934674377542e+00
-7.650065820576075204e-01
7.355539931048860058e-01
2.354983862196047828e-01
6.992655953028764637e-01
-1.236544001487199784e+00
-1.748554473588534997e+00
-8.820222781539134305e-01
3.025190288588454068e-01
-4.597810622796553309e-02
1.815759683640780997e+00
-1.967587295055234886e+00
7.873232538641147804e-02
1.853720740381245680e+00
-8.561588694226361929e-01
8.079031685899230597e-01
-4.787245778033163979e-02
6.466982919641200978e-01
-4.844882301992464169e-01
4.610888271894864610e-01
2.999362542602035386e-01
-9.613719057784777533e-01
6.674672741778808760e-01
5.336588787357519070e-01
1.479063781125769528e-01
1.877167556626899492e+00
-2.681635234861296513e-01
5.955132309639256105e-01
6.605086059867650849e-01
-1.050637461496514380e+00
6.611079412705719305e-01
-9.025199826069915665e-02
1.345839634334746959e+00
-9.478836258258190872e-01
-1.708230594136348923e+00
-5.674955018149511199e-01
-2.906214209439526019e-01
9.871974989795478939e-01
3.150320257806134006e-01
3.643833352052406882e-01
-6.916017373219782716e-01
2.253480536242014609e-01
-1.634761743613422080e+00
-8.797198094338778418e-01
-6.463177926828193032e-01
-7.729438461801595162e-02
-1.294941859862450029e+00
-1.371489209065286596e+00
-6.745521727882147767e-01
-1.345488010804809786e-01
1.088329370387934425e+00
-8.928692863922831346e-01
-9.159360128095898057e-01
7.578510846222625830e-01
1.143882044793722352e+00
-1.209536269957687260e+00
-7.948021505509869633e-02
9.438089060484732284e-01
8.300440265251375349e-01
-5.957970240014794916e-01
1.815232388793665219e+00
6.961060675373552664e-01
-1.418635870578024205e+00
-3.332571287125116744e-01
2.099522867178767183e-01
5.027316057649037218e-01
