-1.482384824022155323e+00
-1.462891427270635925e+00
1.383167433550358261e-01
-9.854041844961274055e-02
9.901377218975840333e-02
-2.490730919135888677e-01
-1.288228026927920711e+00
-6.687900421187440436e-01
-8.418159520205953372e-01
-1.024890417072172655e+00
1.633296669458501382e+00
5.591937322534620280e-01
-5.320361349249341787e-01
-7.218956056898486739e-01
-6.811559842677332721e-01
-6.311213690060205050e-02
-1.261779013517720482e+00
-7.836868078368666168e-01
-4.947506353500009113e-01
-2.542173218005752133e-01
1.105846741582190429e+00
-1.111003889907285769e-01
-3.029645625302041512e-01
7.371171945038610396e-01
4.669367267038527780e-01
4.880052173901268109e-01
4.629610543562500125e-01
4.477552352014338433e-01
1.221682722517473341e+00
-1.043359880820314611e+00
6.295934885805182235e-01
1.179117240212615769e+00
-2.201498220136389461e-01
-1.971707250582601656e+00
-3.296076948918955085e-01
2.949703747935738640e+00
-1.407319565158692276e+00
1.622710253179286743e+00
-1.417121136568552653e-01
6.806820247593271811e-02
8.792688116871161252e-01
-1.252637114519978834e+00
7.822223045634745242e-01
-7.608314059365862969e-02
5.656785659334373495e-01
8.321264288711798240e-01
2.236866935235979140e-02
4.505019116029277404e-01
7.932150116187237643e-01
1.275051639199478393e+00
4.598303605742648514e-01
-1.292363291937678738e-01
7.921621089754202205e-02
1.175827981257575816e+00
-6.709479469637967819e-01
-6.735072685514211788e-01
-2.653084802040153178e-01
-5.117261740118219659e-01
-1.085319104526595302e-01
2.918380981490724668e+00
2.004222031084642364e+00
-3.436729434967310953e-02
2.689998402057068305e-01
-1.013434272296141803e+00
-4.296163172483425385e-01
-1.069798287531131598e+00
-5.044690185070237476e-01
1.352050713917393621e+00
1.515995431733640819e+00
-1.454870897665907936e+00
1.292385416589015179e+00
-3.199258614282977642e-01
1.213847055204976488e+00
1.830750224283997085e-01
-9.470468808937765326e-01
5.950906169497232473e-02
-1.003990627206770236e+00
2.398292614669524092e-02
3.775677613191416038e-01
-4.743312758259653483e-01
1.103141889154032329e+00
1.134021428954944954e-01
7.214511870858375531e-01
-1.077435190479000049e+00
1.375500767879225483e+00
1.385218569151691836e+00
-1.482889322672835908e+00
-6.802651430767109320e-01
-4.009042321351012350e-01
1.230013615243442660e+00
-1.042494210053643400e+00
1.139946617924380429e-01
-1.677342968621166608e-01
-5.545619291856270783e-01
1.646164363552129251e+00
-9.711488246155335347e-01
4.314734072510400531e-01
1.308236525892706725e-01
-3.800052109062476147e-01
1.024467157106779824e+00
4.383645045859915768e-01
-1.782879377614777328e+00
-1.667193305801532022e+00
2.895317727654397322e-01
-9.618837446198974517e-01
-9.026703772761229816e-01
-1.883033555800758485e+00
1.650527528041938918e+00
-6.231532296700665469e-02
1.173521197217989753e+00
-1.000934635743269796e+00
2.460682088719626237e-01
-1.228778724267600014e-01
-2.790662981852953806e-01
-6.495346721410181212e-01
4.042912293787925271e-01
2.012198147972069362e-01
-4.422869903974025463e-01
2.169951408969532092e-01
-1.350150681207663572e+00
-1.284000321743266615e-01
-5.852267469402491207e-01
-4.896371213380388276e-01
1.795293415624875211e+00
-1.016092614068050959e-02
-1.611471757754198431e-01
2.887149640777559104e-02
-7.245867161835440884e-01
1.770217071360322969e-01
-2.169833793453262646e-02
-2.813319239792156923e-01
9.093787797903448711e-01
-1.026325396614478969e+00
-2.532760659576440698e-01
1.089296299615864383e+00
1.737660845049138481e-01
1.322625872312714446e+00
-1.024721498742790782e-01
7.685795023201124065e-01
3.770753225280756293e-01
7.460684497921652447e-01
-1.829522676348870114e+00
2.051308082040565195e-01
-1.211054729574934319e+00
-3.270949426516241987e-01
8.054423514558517461e-01
1.558640096284616972e+00
-4.060305798350876128e-01
-1.372834488394446328e+00
5.560191467558645018e-01
-3.780065323456836546e-01
-6.399594138478237326e-01
1.381891020617504573e+00
2.487308712958661849e-01
6.913106875187552403e-02
-1.621644106824795539e-01
-1.235829314598355516e-01
-1.474867762404474592e+00
1.227716803168112103e-01
-6.836776618918602999e-01
-1.624569828256342274e-01
-7.985787720459058825e-01
3.588066482450483763e-01
8.089387289449990748e-01
-2.989185493123443504e-01
-1.198833681930847384e+00
-1.425405163892093263e+00
-7.647694016227400970e-01
1.422227957922757580e-01
-1.585157622067403724e-02
-5.084165450524822383e-01
-1.671883533039651315e+00
-7.457126449505577792e-01
6.060048231128669638e-01
4.909546720713419132e-01
-7.057952710022176446e-02
8.928168296322653852e-01
-6.540850641381279473e-01
8.353316063422157045e-01
-6.962331280608888839e-01
1.705228858322014873e-01
7.878461496306453649e-01
-2.811403365876273597e+00
-2.803515177094073052e-01
-1.243177491035708071e+00
-1.961121501717005833e-01
3.489709855737511690e-01
3.389557503227552671e-01
-8.058772468438443193e-01
-1.100945602970012649e+00
4.287085774622935719e-01
3.409774152871050679e-01
-1.683203238640990751e+00
-5.590505376950626326e-01
3.177243484014916769e-02
-2.460628019792269749e-01
-1.415428977660075693e+00
1.212994084587629029e+00
-1.223458444151131363e+00
-8.785991583995839127e-01
-2.397601205539972025e-01
1.444148015422744569e-01
-1.315346658259462620e+00
1.138619178955647238e+00
4.432008756360502622e-01
1.514856161457629469e+00
-3.866768490797232727e-01
3.825378553043539687e-01
7.730439163521660717e-01
1.905442570703619332e+00
-5.995687940179460218e-02
-3.071222571277973379e-01
1.200286112860636384e-01
6.118230072309646106e-01
-3.821016549479498425e-01
-2.680196534036949907e-01
2.037016415200205433e-01
-1.497774224654019770e+00
1.632122229131462099e+00
-2.840856514926929144e+00
1.330138513969125080e+00
1.369289020585276573e+00
-1.373784094901496777e+00
-8.536484243584269160e-01
