1.727331443441212588e+00
1.933478796576507230e+00
-1.042318629446980172e+00
-6.376196079695842789e-01
-1.361041854828551445e+00
5.531394857130652598e-01
-1.254261972540697823e+00
-2.494573579957541087e-01
1.481588513896008985e+00
-9.700460526354069968e-01
-3.596383885668556490e-01
1.199019868534029643e+00
-7.184761847854082006e-01
3.093648318210071024e-01
-1.939776687007157552e-01
5.755446290186266162e-02
1.128635005044499762e+00
9.089107022871784070e-01
-2.327016296763293468e-01
1.230312532427944472e+00
4.919976626811581877e-01
-1.288603293372766745e-01
1.762687462804596039e-01
-2.325429927584917067e+00
-1.633929281949056123e-01
8.782735358995744090e-02
-7.040366568635422206e-01
1.412233577048934742e-02
2.538123826185442744e-01
-1.076881172850379320e+00
-2.279524680315100138e+00
-9.972442525058300422e-03
1.276018548965465405e+00
1.243523918525052174e+00
2.264801378310589419e-01
-1.437551417578559754e-01
6.673767576010899427e-01
5.770335398107060421e-01
-8.572243657362952352e-01
4.380836543826558960e-01
2.552375548441442321e-01
7.438598813009732469e-01
-3.944571095927756899e-01
-6.321131230606065188e-01
2.686481771472920554e-01
-8.802908670689092441e-01
-1.301772129834483982e+00
1.195499645599840344e+00
-7.502552708047562913e-01
2.170926859995933600e-01
-1.027269300960153453e+00
5.594101217362629219e-01
1.152414020961471108e-01
-2.047357937993812715e+00
5.363313774907239040e-01
1.676057650127912524e+00
6.828014477494122325e-02
1.735606021720781933e-01
6.636401944092295002e-01
8.777296476695657379e-01
3.595360097705444513e-01
-1.053053864179910246e-02
8.370745456577359522e-02
3.285545367870307931e+00
2.591598614648032317e+00
9.176110613922198178e-01
-3.026126761761921968e-01
4.866484711079184233e-01
-2.156589501734943237e+00
-1.823757518619678608e+00
9.828238238457095433e-01
4.936984447829536049e-01
1.342930281075949583e+00
-2.038776628540860170e+00
5.535999713652917792e-02
1.400263278419220825e+00
1.994877444427371804e+00
1.761212979589246164e-01
-5.179002263324854471e-01
1.960470658129967458e-01
1.780243305468851789e+00
-9.869048883265985062e-01
-8.168591287029984827e-01
1.184363551739116976e-01
3.510271896414226545e-01
-5.836568080203683451e-01
-2.093896538113116865e-02
-3.876379363610303885e-01
-1.544500331447065777e+00
-6.382746811711207391e-01
5.785707552101621021e-01
-7.466283855873412367e-01
-5.361894941877412002e-01
-8.497905914427067442e-01
1.042481549520942963e+00
6.111488689900874682e-01
-5.828792412036591930e-01
6.013207126633315358e-01
-6.562260910822601545e-01
-2.080342453688261983e+00
-9.128781385442891194e-02
1.529009184375144104e-01
2.133586721683058407e+00
-1.285720751735126122e+00
4.739608936642923376e-01
-3.282192313465998268e+00
-6.967363168281399087e-03
7.438920474288580886e-02
-3.098062058999275226e-01
-2.485542272337142033e-01
1.251164804084206952e-02
4.036826079025407354e-01
-5.637720006295571934e-02
-1.381935579789072222e+00
-7.246937752943121147e-01
1.188184187614627074e+00
7.597985674805777245e-01
-1.004830574290576095e+00
1.284531463644358107e+00
-1.752011016883450845e+00
1.621965972044330684e+00
-7.815970142376480467e-01
-6.104842285843281591e-01
-1.767013433970743286e+00
1.349509358258184522e+00
-3.044830899921769363e-01
-2.482358909495845367e+00
-4.444603309115791046e-01
5.712179813105343618e-01
-1.130781482489046308e+00
-8.773641107425595997e-01
-8.518371736447779563e-01
1.569114811572568657e-01
3.743764836419092856e-01
-1.750096920919550492e+00
3.995189625756233598e-01
1.472349923684000139e-01
-8.512585129084710989e-01
4.149396053424701802e-02
-1.045586167570328850e+00
-7.583343043733249411e-01
9.129443405855817983e-02
7.244915630510134763e-01
-6.898861209652263904e-01
1.854101811929121268e+00
8.667643064952500476e-01
-4.841323285578707503e-01
-1.425582354634629956e-01
2.039597309659307300e-01
1.936800674554869151e+00
-1.033294163827205514e+00
1.060559770853338524e+00
-1.584700474407361392e+00
-8.439051232192007479e-01
1.450093859027268950e+00
7.814362795431804010e-01
-4.173209046951436574e-01
-1.281748067330748864e+00
-4.761948057930629474e-01
1.042805869649598760e+00
-1.265277495531890839e+00
9.758119596963367171e-01
4.710968692966107652e-01
3.451964231939658179e-01
5.210241495395753208e-01
-6.443945655121467997e-01
8.754413957065678709e-01
-2.346895349399618080e-01
1.680393678402114732e+00
1.480761657168694123e+00
-1.619332628042490230e+00
-1.935945249840444193e-01
-1.365997805907435803e+00
3.050656329337270156e-01
1.192643478944581448e+00
9.059569760980642483e-01
8.714469176736028277e-01
-8.316281911174587815e-01
1.145034519893610714e+00
-2.278344388547670074e-01
3.618833431529298594e-01
2.600365680880373231e-01
1.322898968280752152e+00
8.140448713772173717e-01
-4.626081713531209338e-01
-7.598961901769479832e-01
-6.273686471227960526e-01
1.533318600788766473e+00
6.745321764916846208e-01
9.444197100841599246e-01
-1.341504936678080684e+00
-1.741031116887547248e-01
-5.165963740228145529e-01
6.025583610943870960e-01
-4.199967467256125464e-01
-1.194895971726579686e+00
-1.125168083217946924e+00
6.737302617530379623e-01
1.657893859871319986e-01
6.811129458879003895e-01
1.894511587489812854e+00
1.400991332470724604e+00
1.423927944374725696e+00
3.906886666428883159e-01
1.179714776297694279e+00
2.094791747454476660e-01
1.819708454916229678e+00
5.870054014929729745e-03
-9.236534032942024242e-01
1.806416983183865566e-01
-1.699853050032792856e+00
-5.521988310598657801e-02
-4.135776705155939648e-01
-1.093970708941406578e+00
-9.477490692702721375e-01
-7.300131270718762666e-01
1.269902885522168789e+00
-8.900633924136366892e-02
-1.927339265420646486e+00
1.950598561084810612e-01
-1.543477488634247274e+00
-1.571401305651152214e+00
-6.972502003230297563e-01
-1.720935113258409144e-01
1.974647963715470411e-01
-6.008887541633718687e-02
-4.821069754510992622e-01
-3.767209328718026384e-01
-8.314103791107531338e-02
-2.919704876741965882e-01
2.015202367932555028e+00
-7.683797887440073360e-02
7.698350043991761815e-01
-1.542764863663029562e+00
-1.056527779656257993e+00
-7.133062101220916107e-02
1.921359795039624119e-01
1.066265417715590136e+00
1.979093875768114519e-01
1.189204382418539652e+00
-9.073786343405138011e-01
-4.009427041961979854e-02
1.046294280607261262e+00
-8.438611849141177679e-01
1.705516249385155281e-01
-4.878252680394736668e-02
3.583363475231281930e-02
-4.625520672294602953e-03
-7.395905151721516857e-01
-7.242210795928394340e-01
-1.009914277059010379e+00
1.632213725756943123e+00
5.426668460011928596e-01
4.752326768176682870e-01
6.884925470005963666e-01
1.498250131529482054e+00
