-2.298071179027291189e-01
-8.194635577081720301e-01
1.879807316386818083e+00
1.372388435426223019e+00
4.169689317680351781e-01
-1.757592994386238949e-01
4.872375694492391274e-01
1.187848750307894274e+00
-1.232371898457290449e+00
1.613221684060519134e+00
-7.275306821660435519e-01
-6.448271780485410609e-01
4.155189729830174872e-01
5.040331002916113023e-01
4.031701958118797391e-01
5.207310400439750797e-01
5.692870812279009485e-01
1.536168807376518508e+00
9.628268239204141876e-01
3.178085068699346150e-01
7.235830602726688321e-01
-6.189102310868073165e-01
-9.260677420627865253e-01
9.181881197799944827e-01
-1.752350362901560210e+00
-2.475113677994436490e+00
8.599511368956229695e-01
-3.323419853367398091e-01
1.566224238862714280e-01
1.150389476226296864e-01
-1.152026043690164814e+00
-4.578498122986622842e-01
8.105609248738839812e-01
4.067210899499985599e-01
-1.742004889073693608e-01
1.111556079186921009e+00
9.124581446365286064e-02
2.523076820556220401e+00
-2.559272894799626274e-01
-8.819878765675061016e-01
6.555269316350733622e-01
9.900973695894070836e-01
-5.681494461871455792e-01
-7.105191023908964676e-02
3.298699396536859396e-01
7.053419449306645994e-01
5.191311469489442998e-02
-6.265984085485482025e-01
-2.275361814088537327e-01
-6.285371051921592178e-01
1.107208547132856546e+00
3.206986042899220291e+00
-4.738320498889327381e-01
1.211929650515815915e+00
2.335590928805131583e-01
-7.092313007280305615e-02
1.302209910070153132e-01
1.765865388548814030e-01
3.062555807012828923e-01
2.015832224728882627e-01
8.942920813159734861e-01
5.588975801609410432e-01
-4.563448295064229804e-02
-9.147576867287759983e-01
-1.292281749630627141e-01
6.165441348713223135e-01
8.143106877319644665e-01
-1.483192076667099624e+00
-3.196457377113978704e-01
-4.857760231618968305e-01
-1.267233638364559267e+00
6.426472944611554272e-01
-1.364456551253091288e+00
-1.052823485709095230e+00
1.544827443826927715e-01
-2.837415419035434483e-01
1.347198940341634454e+00
2.272294479961346203e-01
2.561638973439404610e-01
8.854251002248865188e-01
-1.591952597852090312e+00
-9.449608151592016059e-01
1.879686970058846773e+00
1.539910917553753311e+00
-1.484999873264834180e+00
7.837298939693589928e-01
1.676601647061155331e+00
-8.343106004638679574e-01
1.266251822062511578e-01
-2.256355885338514333e-01
1.221354420513298455e+00
1.539354482998514850e+00
6.508747277477363591e-01
-4.114286708089069933e-01
-6.027297760897244450e-01
-7.208051354124077603e-01
1.032368059600736077e+00
-7.739459522241116662e-01
9.616405635669580398e-01
8.490565119272185379e-01
3.905697674437964007e-01
1.595592961123749820e+00
-7.529021363372323528e-01
-3.973955850316422400e-01
-4.795548849007587044e-01
-1.508536155407240453e-01
-3.718987351163660082e-01
7.446696849339742297e-01
-9.952449882756991134e-03
-3.475064891342021789e-01
6.805659725758058665e-01
6.031862844972567528e-01
-1.248084326357600943e-01
5.497187912265518728e-01
-9.185030552617873267e-01
-3.472306001315995649e-01
2.842472001665191095e-01
8.354533701993419603e-01
-7.534405102458528736e-02
-1.125113705249266793e+00
-2.271534569526220404e-01
1.129371663742664511e+00
1.737991913065705774e+00
9.495018688949071750e-01
-1.998155944680819696e+00
7.129809504100695916e-01
-1.333097265374581841e+00
4.125375787730091171e-01
1.205425866711615779e+00
1.438404177085420121e+00
-3.834806759686334998e-01
4.938053484536326088e-01
-7.377792194357370992e-01
1.045019851102582331e+00
5.107224032670626412e-01
-1.040190284960890443e-01
7.853868075577007390e-01
4.594404961103434326e-01
-2.362381362824342634e+00
6.157503203349526943e-01
-1.515255193629268193e+00
-2.374999813294359774e-01
7.656927037492742283e-01
-2.597167748669714782e-01
7.669240803153745123e-01
-8.418022392675021948e-01
1.499408507040203231e+00
-1.150406648063028170e+00
-5.033084091656981895e-01
3.031941304700201956e-01
3.750216542880377979e-01
1.966813154898642502e+00
-1.291442419053062007e+00
1.487164027510064213e-01
-4.189549188969760585e-01
-2.310909348922633999e-01
-5.327063599791508064e-02
2.298798037480963563e-01
-1.338831682973336268e-01
-8.376684208810289967e-01
-3.351522467165691799e-01
-9.036939127316363507e-01
-1.845367288028765707e+00
-2.459328878772030491e-01
-5.773230170865303323e-01
-6.353540770336347787e-01
-3.985259042843947164e-01
8.429577762052400391e-01
-7.631142295975748002e-01
1.299425997978805647e+00
-5.071505753395153526e-01
1.046199085042105903e+00
-4.108203924135774288e-01
4.014511471527655861e-01
2.324547232250641748e+00
1.083017634525435868e+00
2.284023008349814088e+00
3.694716767495261345e-01
-6.055019448295559936e-01
-1.444870088181702483e+00
5.164558946673021289e-01
3.102817031644866108e-01
-1.147641782655012044e+00
-1.647902441440471044e+00
1.417995301060792857e+00
1.307105486047256404e+00
-3.150217258988093683e+00
-8.008073254424910026e-01
-1.975692736482827394e+00
-4.272352359813970657e-01
5.984655071352704692e-01
-8.955418268631880618e-01
-9.722894662081240647e-01
-6.676629822598695307e-01
3.334167620593231351e-01
-1.218409284759244260e+00
-4.839335876005653597e-02
1.636108263986230660e-01
9.472666546657928510e-01
-4.401494629863849650e-01
-2.624202365878026022e+00
-8.845621731221369188e-01
-6.001597997713943311e-01
9.235660816333064460e-01
-7.178557038752815256e-01
1.554290489793928476e+00
-3.655077743140600077e-01
1.668141885152985893e+00
1.330099211661484926e+00
-6.830544219486386348e-01
-7.110322114925193837e-01
7.484090100315317073e-01
9.977275870433655047e-01
3.262970684371130359e-01
6.244485452039840734e-01
-4.402159479712562384e-01
2.115970571593508986e-01
-4.734128042495566735e-01
-2.397888804859656720e+00
-2.131783529886829287e-01
-7.359698993239940402e-03
-4.740135718607335624e-01
-4.694033388855184397e-01
3.695578818498835849e-01
