-7.493869696851743756e-01
-1.542106964379290068e-01
1.025738381676460698e+00
-8.829895361487193339e-01
-9.304943290435139236e-01
-1.253645432842656504e+00
-3.636458327062367379e-01
9.304661840792734229e-02
3.891368175437908139e-01
-6.221983720136565754e-01
1.541613814046574715e+00
9.076688007916652312e-01
1.752439168580666617e+00
3.541739942191659413e-02
2.345027125436865756e+00
1.023880129148199369e+00
-3.053271493424695171e-01
2.554709166360663808e+00
-2.786656310170408934e-01
1.121145837952055579e-01
9.944266779200352513e-01
-1.125871433091517826e+00
-1.146213381108184493e+00
1.314789722036310282e+00
-7.476174412043969930e-01
6.851692763149849208e-01
-1.407942593366261264e+00
-5.302894866270444485e-01
2.135335570485206613e+00
1.748560605420060865e-01
-6.384102179997802606e-01
1.792017341229813765e-01
2.851729129508490113e-01
-2.109542390497404440e+00
2.109422397185632680e-02
4.089924938093674189e-01
-3.498181469692759893e-01
8.724976350545003978e-01
6.691270541514944270e-01
1.917035148036109637e+00
-1.427975065398861654e+00
1.399966743148104209e+00
-6.868253204940892587e-02
3.482240919451093375e-02
5.987947036169615211e-01
-9.164514443074955885e-01
1.389167766244217228e+00
1.526512665916784250e+00
6.006926989253745797e-01
5.386004324663556941e-01
2.466629597463726176e-01
2.017296685859742311e+00
-3.692904164653277865e-01
5.314009035866384956e-01
-5.437587716195229071e-01
-1.361213049000092434e+00
-2.226606899114299265e-01
-1.233883063885291564e+00
-8.191484794776979772e-01
7.658163768779868708e-01
5.030555873370960995e-01
8.565940724940628304e-01
-4.965338224420889901e-01
-1.615333430138549353e+00
-1.146404683983735850e+00
1.617977048381780358e+00
1.555137632329929076e+00
1.137609456032896982e-01
7.057036735552952855e-01
-6.408362306662304109e-01
-7.157758976700254183e-02
-1.439512463764094585e+00
-8.320882291467021075e-01
2.741414917382954730e+00
-8.881087287747178038e-01
8.500338899474331189e-01
-6.529717399944830192e-02
2.104408420940724264e-02
3.668060508850876644e-01
1.508264818545899777e+00
-7.193478773970632956e-01
-3.550397971642853534e-01
-1.738190758371149225e-01
-8.567950896705074371e-01
7.596499079265155441e-01
1.692199050716603759e-01
4.290095265098571864e-01
1.122232036908135777e+00
-5.289017440109278906e-02
-3.371673138333979719e-02
3.552095966510475100e-01
-3.426065255075564919e-01
5.104687161226333370e-01
-1.103912961987039365e+00
4.112478463487894143e-01
5.940787718428556553e-03
-1.651576516323479933e-03
5.273580713586853604e-03
1.360790037649967643e-01
8.325087142029583553e-01
-6.869500227816192905e-02
-9.257146861698192231e-01
3.143167890285476496e-01
1.452289441434553519e+00
8.804357409124492495e-01
-3.559470374322963870e+00
-2.323229932826247623e-01
-9.702042530661473263e-01
-1.690548436494721668e-02
-1.129133719663471869e+00
-1.417593019469488791e+00
9.215653252333730339e-02
-7.222535458676685449e-01
1.587246463796284646e-01
2.319816998721799528e-01
-6.431059696540935011e-01
6.986174300507727031e-01
-3.681216329841728307e-01
-8.980357472740327363e-02
-2.162664683948422262e+00
-7.740456276703386873e-01
-1.955335600278263475e-01
-7.482771642418114544e-01
-1.018833394261282194e-01
1.034445903741109396e-01
-8.407223800291032667e-01
-2.199107281436039618e-01
-7.593312228524895513e-01
-1.801123689110976311e+00
1.371052452412328204e+00
-1.386232131254350852e+00
2.837974509505090115e+00
1.096227664101256938e+00
3.775783727435586545e-01
-1.562403003645472577e+00
-1.329692721546789302e+00
-1.256060376862111472e+00
1.418224334256381058e-01
-5.470024047858145222e-01
6.778749383971587328e-01
2.681691020052184848e-01
8.059332881226000111e-01
-1.071406279545835893e+00
1.599162626721363445e+00
2.079890737544981771e+00
-6.344415564689042109e-01
-8.518906225374819341e-01
8.985596795931608538e-01
2.831228843265257145e-02
7.906552132158803925e-01
-5.835925728654863809e-01
8.468927591576998204e-02
-4.695965620658382189e-01
8.724037045484955843e-02
1.662365695334952820e+00
1.492386773206444639e+00
1.415870022885563628e-01
-2.027653485417387214e-01
-7.708840265051966067e-01
-5.453508801118590599e-01
-8.606320419204745997e-01
1.094916710180531716e+00
1.354877081061857114e+00
2.805588849964924525e-01
9.253803982489668956e-01
-6.018751907606056939e-01
-1.261836916465882030e+00
-2.300891199437951062e+00
-8.237548293886481909e-02
6.200047466654848849e-01
2.687609394656738648e-01
-5.738920033998266002e-01
-8.258522766276691351e-01
4.176963659134112494e-01
4.809036416684118187e-01
4.438106943511814229e-01
2.097789569825069478e+00
-7.915929981546369065e-01
-1.208927117378668648e+00
1.086626497544770809e+00
-1.208881834292713231e+00
4.725508431717238000e-01
8.726417638476993144e-01
8.881271680052621464e-02
8.713827448246883045e-02
4.570739794553085322e-01
1.014797443228934393e+00
-7.867666839267294376e-01
4.751003270797349298e-01
1.439518935472540839e+00
-5.829201750472167154e-01
-1.131772141569858947e-01
-2.073265240758969341e+00
-8.851272993900798081e-02
-7.714407934830300739e-01
-1.009276248698807610e+00
9.348879789085419167e-01
6.519844096982225778e-01
1.107567565241765140e+00
-6.027792034712396024e-02
7.500929458149394602e-01
1.083415707420034790e+00
4.633324784758680037e-01
-6.162559348652874025e-01
1.017326358558551691e+00
-2.567934289101053702e-01
-8.500537579852287529e-01
-5.408728736952702620e-01
3.907458743280071700e-01
-1.000252450989345343e+00
3.437475846873633278e-01
-1.014123517231454885e+00
-2.349915896775106039e-01
1.156212406571752505e+00
1.313436760838551765e+00
-6.173499149583926843e-02
1.591333064576728185e-01
-5.753187778483754428e-02
8.372695250165985703e-01
1.025501724112835911e+00
1.191620630259697666e+00
1.560423553674869235e-01
7.624770541693431936e-01
1.829127507319223911e+00
-3.257450762309325731e-01
1.573838135794378701e-01
3.728181103706890154e-01
1.232993775617453380e+00
-5.848865224859923773e-01
1.199112153025069016e+00
-4.281476477008077097e-01
-1.982677297907275094e+00
6.822281439272108450e-02
-6.428103330164465223e-01
3.233431524359158815e-01
9.032095297362603692e-02
-1.213999221875237261e-01
-6.827870430193823115e-01
-1.116752828050779023e+00
-1.070907781801773595e+00
4.583441062128580656e-02
-1.325866288382789193e+00
-6.924532478026369509e-01
1.815956709077169162e-01
9.420834475496345783e-01
2.701218714224251638e-01
-3.655158993233302567e-02
1.199620806612142321e+00
-4.992598088385016841e-01
1.031946244922524181e-02
-6.642077723845458692e-01
1.574253652872608766e+00
-1.543739328406399380e+00
-5.044931024465099806e-02
2.653203684790330086e-01
-9.177584580965392203e-01
