7.612362924826404642e-01
-2.487235849265545529e-01
9.492804021708466378e-01
-1.473298020110474615e+00
3.255563857160047037e-01
4.815086575950474623e-01
1.681970400620950434e-01
-7.531471167328857019e-01
6.263689722312357766e-01
-9.365702886260829363e-01
-1.526396242568745842e+00
-1.416446072045272953e+00
2.000168181161828596e+00
7.422628802336482812e-01
1.429684260873953061e+00
-4.193132426585402528e-01
-1.640360257471382921e+00
7.286326230584871944e-01
-1.228055902450925663e+00
4.892967740812751432e-01
3.896136970375701503e-01
3.564274006975039905e-02
6.001434744451472625e-01
-4.532635367989230613e-01
5.158377236840776536e-01
1.802211019679291093e+00
1.471889077821317393e+00
1.806538772352774602e+00
1.643658059569326868e+00
-1.490456608664048277e+00
2.597394428716269577e+00
-6.095552112880933127e-01
-9.637220016215191087e-01
-2.076356622531947416e+00
7.352858091629168591e-01
-1.015121746079546305e+00
-1.916343619954798738e+00
-6.975140169851079541e-01
9.640627659403504524e-01
1.592888254529871928e+00
-2.048691025363723606e-01
-1.166591594407943022e+00
8.167476124740857824e-02
-1.294080416349012941e+00
9.995084849745606848e-01
-6.030989502598509411e-01
-2.838928306385458677e-01
-9.311048124312012453e-01
-2.991073229380896703e-01
-1.692844306855446845e+00
1.046736379177092724e+00
-6.074261334979412785e-01
1.522110540751476115e+00
-1.304881751480157392e+00
-4.312514368135736409e-01
5.396146133132210254e-01
7.938682165067278973e-01
7.899418623434302233e-01
3.257134744103855062e-01
-9.150563728034705191e-01
6.666713421681893514e-01
1.054053178044036088e+00
1.460445949984650049e+00
-1.013676723782148681e+00
1.784338805911556580e+00
1.130250101120387901e-01
-2.828571354077694000e+00
-1.894079316818613634e+00
5.216828564431571502e-01
1.554255798968891655e+00
-1.478396601770842533e+00
8.171629657267586166e-01
1.400116216099855038e+00
-9.117268116683939494e-02
-3.583190973144711466e-01
-2.610577321081566926e-01
-2.185680803549614915e+00
-7.208762720017550807e-01
-8.662157454318407668e-01
3.704156321245803962e-01
-3.611595970134234834e-01
-2.111077235767258031e-01
-2.984242331893284805e-01
-3.493431515843853363e-01
-8.535574007253741990e-02
1.522412630588511062e+00
-5.278279051976018099e-01
-6.901724348270511511e-01
-1.102825668130783310e+00
-2.320156753448965881e-01
-7.197346490860042634e-01
8.348836095785847622e-01
1.912444011395437959e+00
6.991291364464660152e-01
-1.598153976013433786e+00
1.037129994142974854e-01
-1.011054172110656513e+00
1.049750738096733860e-01
-6.952070237386716051e-04
-9.693753875560405797e-01
-1.744503248981434496e+00
-1.719605399393866918e+00
-1.247484437524575940e+00
2.735674164358436466e-01
2.232685209099753154e-01
6.882104327063239824e-01
-3.727813963134071762e-01
2.873533448455770634e-01
-2.033395689932716355e+00
-2.025524680978176395e+00
-9.082281571932605824e-02
-3.436606611132123623e-01
-1.310993141813888707e+00
-3.802343985905531909e-01
4.273126769448155060e-01
5.178496378221261187e-01
1.487827091007198455e+00
9.991265700296361185e-01
-1.063384250319977076e+00
-1.575603582407307135e+00
9.596177221361174015e-02
-5.738197811229716061e-01
4.181203735261993515e-01
-4.192478481017444247e-01
1.599839921810035648e+00
-3.019110451041829291e-01
-1.786925823580120642e+00
-1.340342471780058498e+00
1.567054218004443333e-01
9.467852589341456682e-01
1.451717319196950129e+00
2.047181216546492433e+00
-3.850483046774139662e-01
9.063395861819338872e-01
5.470646953802582590e-01
3.546967495540042092e-01
-4.014191316522770503e-01
1.085324405312690255e+00
5.895811595795353854e-01
8.257680453227651540e-01
-6.187723155049436041e-01
-3.841268687044036567e-01
-3.856408108024976245e-01
1.542566094095380591e-01
1.185481668369314789e-01
-4.214787863813989066e-01
-7.105638244707006557e-01
-3.569943643696543156e-01
-6.620329704466373366e-01
2.611532667840023025e-01
1.152073025260779371e+00
-2.240854564992976083e+00
-1.518479393249441589e+00
6.077287652336270662e-01
1.186673682186532908e+00
-1.183196582253772222e+00
-4.602305891557300077e-01
-7.580808671941069443e-01
6.071707746338406847e-02
2.386400394182086604e+00
5.079550094388353143e-01
1.309870664080794889e+00
1.376537943647101470e+00
1.925113115328916491e+00
5.288585596584710613e-01
-7.817953515865675440e-01
5.720923562695786613e-01
2.061958093347474819e+00
-1.223107620575093202e-01
4.321978406496179148e-01
-2.454065973119300970e-01
-1.247938825396105011e+00
6.331580128644870298e-01
1.188089861448473838e+00
3.438605446531049492e-01
-2.420787259969273686e-01
5.945010850703754540e-02
-9.718540348502800741e-02
3.811554004518439842e-01
-1.976820511109799450e-01
1.502068440251277170e+00
-2.193908779620379779e+00
2.598904627144437707e-01
-2.489621307964095254e-01
-2.171458124093319786e-01
-8.270247810207430605e-01
1.349659162751607688e+00
7.533584408367829943e-02
1.344750170391317834e-01
2.926559435198426984e-01
1.980112269195746899e+00
-5.559563267284782784e-01
-1.193853214981445587e+00
4.013230540172534888e-01
2.114354848458002589e+00
-7.828743273002607139e-02
6.217327331121752509e-02
-6.706921021205941580e-01
-5.186793096389822333e-01
-1.127475450445998728e+00
-9.197604581639389210e-01
-8.308910704023100280e-01
9.126035414807822654e-01
1.852339206863404808e+00
4.985298129916389542e-01
-2.164021637882864280e+00
-1.939847531945214643e+00
8.620982004135445687e-01
1.051426393446591723e+00
-4.040409140743976835e-01
-5.178936268033539347e-01
8.830965166201955041e-01
-1.931371343277717534e+00
1.710001993790782215e+00
-3.253743727319495793e+00
-9.169127769659167759e-01
9.077269433212552530e-01
-1.211353255481254942e+00
6.680533618966900677e-01
-1.657551480435348390e+00
-1.040279030526937154e+00
3.048662391133218907e-01
8.777072627234782098e-01
-1.102523709263782514e+00
1.098083868324456702e+00
6.126854824734853100e-01
9.364865304964166137e-01
1.356926787387822575e+00
-2.917840218274746489e-01
-4.468650101637504646e-01
-1.447084985878330121e+00
8.668223308332367871e-01
6.303715308194696165e-01
7.525255106289842066e-01
5.397321562485175583e-01
-8.732760770534968575e-01
-7.170224914812111106e-01
-4.030487518672825481e-02
-1.075800174403914733e+00
-5.943066075795443437e-01
-6.123599916916817598e-01
-7.351986691983460886e-01
1.924197426499102859e+00
-1.043344565282443570e+00
7.977671363905960433e-01
-9.463487185680842240e-01
-3.086314287383134514e-01
-1.058482005210012122e+00
8.707846785626650599e-01
4.200843745875070256e-01
-1.563636304917579656e+00
1.286027292246740006e-01
6.575305944573286432e-01
-1.042476308214748126e+00
5.642135928655892529e-01
-2.738424983823529724e-01
