-1.810618706606797468e-01
1.962911317732191518e+00
-4.022446344317053835e-01
-4.593772043523743354e-01
6.682913929745785131e-01
1.288585999491776324e+00
3.755650776634203436e-01
-8.678565655032045578e-01
-3.870575648952058190e-01
1.310939213094171940e+00
2.753764705485821640e-01
-1.065436085525291343e+00
-9.669398821022590074e-01
-6.625549842188460659e-01
1.350798435869573044e+00
1.487387641926328330e+00
3.252248508784083558e-02
-9.653752111993854634e-02
-3.948257602197452476e-01
-2.084385172976893408e+00
-1.025247935056086135e+00
1.711474733656160652e+00
2.670856931364793407e-01
1.863494713839994432e+00
-5.318221256477190240e-01
2.763354601661157858e-02
1.853447599856124173e+00
1.736848917306581974e+00
1.354172295421420369e+00
-1.049471334934307803e-01
-1.088352339786241574e+00
-1.547329992970988277e+00
-2.169608008483578931e-01
-7.828724930620675204e-01
3.428172709360091108e-01
-5.684652582312346158e-01
3.741709176586462404e-01
4.238128097534651362e-01
3.326583617082178868e-01
-1.398933364939373147e+00
9.666582293628067646e-01
-1.296614338568065961e+00
-7.478710258074454387e-02
4.355680680798270643e-01
-1.503884247618618442e-01
9.896763642143017181e-01
-6.309577430533805931e-01
-6.971375592963279244e-01
7.635079735001089329e-02
-9.174793800855284287e-01
-1.225198821835924712e-01
6.324907767081271448e-01
7.206759706532088749e-01
-9.216462546094008612e-01
-7.439892546235115089e-01
-9.341281731191577453e-01
4.817774660157159716e-01
5.594155482682717784e-01
2.714374977172795966e-01
7.202409150981545771e-01
-6.894487014372470135e-01
-4.316379875879476913e-01
-4.073111187775493858e-01
-1.046601043663150654e-01
-1.991853504234656624e-01
9.411883892860031797e-02
1.562163686475247781e-01
5.960643674926540125e-01
-5.787013226462948134e-01
-1.090807389848752251e+00
5.031725514979098479e-01
-1.711787267800789714e+00
-1.757408899390209722e+00
-2.681836767589113601e-01
-7.260857740083993539e-01
-8.348199468731070105e-01
8.692790927046294414e-01
-1.072059069045167901e+00
1.048283768788422998e+00
-7.229927536699632951e-01
1.206037328446499135e+00
-8.785330383955192168e-01
1.421642381954869361e+00
1.182467084877244501e+00
-8.874263754868502163e-01
5.989294715949469161e-01
4.241445261159488833e-01
2.704731476852917926e-01
2.120679622837280121e-01
1.938435784892838798e-01
7.443912596405053428e-01
1.587355455378992142e+00
-2.105825439333904203e+00
-1.196453940940521488e+00
-1.231807677482262164e+00
2.212755949120144006e-01
-2.918906721423993877e-01
3.716090533317064626e-01
-2.124652431733118796e+00
1.451719797093186104e+00
7.762176641465179383e-02
-1.400604898478908567e+00
-4.523094082605467747e-01
5.767747926993597174e-01
2.484053975717326779e+00
3.057292448489768236e-02
-1.646141931958152727e+00
3.195297759378430968e-01
7.168382524893184282e-01
1.315896727507688047e+00
9.460775739950592067e-01
5.878895542402958752e-01
-1.710977901202625495e-01
-1.616196854293551866e+00
-2.053763195926791241e+00
2.281573247784279168e+00
1.164850699708750714e-01
-6.579716296043428558e-01
-9.906233323201991681e-01
-2.379503256846700887e-01
-1.869501956682157184e-01
7.371130622460625448e-01
-1.186890169233476566e+00
-2.600798863422827623e+00
-5.396069758687604967e-01
-9.227332137747934482e-02
5.932452182180014688e-01
-1.821513172410666251e-02
1.736427044240018702e+00
-3.209934528956952526e-01
-3.247230317105185837e-01
-7.722533076698082644e-01
5.984113092833391878e-01
-1.315229117994424657e+00
-1.156021264626689860e-01
-5.019824959629913819e-01
6.236371162294249704e-01
-1.074519132498815699e+00
6.704469705501109322e-02
-2.112044339418309491e+00
-9.745287106552150691e-01
-5.857623871142519922e-01
4.267042224651531046e-01
-3.961546175952827820e-02
-1.961533960620675199e+00
3.288256221902324250e-01
-1.087216800488520319e+00
-1.868605694036277409e+00
-3.272818940544393596e-01
-2.370366483097293475e+00
-7.950096011051427380e-01
-6.449230364917677427e-01
1.021319407412355940e+00
-1.777454531655250358e+00
-5.112322304064996770e-01
-3.864821851307596590e-01
-1.400491669091864289e+00
1.409855526903237344e+00
-3.750705159005506273e-01
-5.493080602903315235e-01
4.220238703716663181e-02
7.999437912866330658e-01
-1.972695492792477134e+00
3.896524056350957749e-02
5.344729991786448808e-01
1.993115663461459686e-01
-3.758654635339520045e-01
1.057286257059789403e+00
-1.796288339913468812e-01
8.921499007142527082e-01
4.765587038281726140e-01
1.206923115897454490e+00
-2.065593051915964179e-02
2.284966949071421116e-01
-2.716491250252782708e-01
1.259947646975512869e+00
-3.304184893572260084e-01
1.318915658408673641e+00
-1.623529902213417253e-01
4.906304575969903242e-02
-1.812102345857249386e+00
-1.255820996238123377e-01
-1.920901974482446262e+00
-4.112562420335456048e-01
-4.172928095013613697e-02
1.313006054152382918e+00
4.459515460857904068e-01
-1.672673781983089247e+00
2.652799931803004330e-01
8.485143093622417032e-01
-4.226631720787927260e-01
-7.924905117720104641e-01
-1.141227744077670005e-03
-2.273342867164231507e+00
5.399348230749428934e-02
3.108874930641256640e-01
-1.886409914242890062e+00
-4.092818895240010746e-01
2.572542726603010421e-01
1.815486564435623951e+00
5.738118304433966615e-02
-2.014926497578613862e+00
-6.532758043027955264e-01
8.646057422095376754e-01
-1.053994965426584621e-02
1.132111225683198885e-01
2.283837492169202399e+00
2.795740932586157634e-01
-1.095178717332207174e+00
-7.328057531604952324e-01
-7.145290159117181350e-01
-1.890781612589939265e+00
1.775186564476894047e+00
-6.507227449520501805e-01
1.081243698947625509e+00
-8.051262988498685269e-01
8.442952414356206248e-01
3.132921403969200769e-02
-8.322251080184290828e-01
-7.135818934744443398e-01
-1.017872464664529408e+00
-9.352087826632700107e-01
-2.923511522137792751e-01
1.671094777721840341e+00
-9.722958878335182797e-01
3.300128535124554618e-01
-2.394660040690368419e-01
4.572049525922102786e-01
-1.583128437487417051e+00
4.787378590799106215e-01
-1.487542134991405751e+00
-1.681149383887149185e+00
-1.795551233414283965e-01
5.981444909817261735e-01
-1.054796933071505682e+00
1.290608503339943036e+00
-1.365866818885576706e+00
5.714034916194963287e-01
-7.717781206868832289e-01
-1.574926274585312536e+00
5.929831732732867566e-01
-1.209874626929413832e+00
-5.624936903286493345e-02
-1.647939163663350304e-01
5.132183857599964538e-01
4.526142329744446968e-01
1.149832390336601007e+00
1.265448235673953592e+00
2.759436219536016699e-01
-7.889724291832490854e-02
8.273136258580715552e-01
-1.025908559589402635e+00
-6.635323740524261549e-01
3.153438512885484157e-01
5.345833087785175630e-01
1.291087465849567684e+00
